#####################################################################################################################################
For Niraula & de Wit et al. 2022 paper the following grid is used:
Temperature: 100, 110, 120, 130, 140, 160, 180, 200, 230, 260, 290, 330, 370, 410, 460, 510, 580, 650, 730, 810
Log10 Pressure (atm): -5.00, -4.20, -3.80, -3.50, -3.25, -3.05, -2.95, -2.85, -2.75, -2.65, -2.55, -2.45, -2.30, -2.15, -2.00, -1.85,
                      -1.70, -1.55, -1.4, -1.25, -1.1, -0.95, -0.80, -0.70, -0.60, -0.50, -0.40, -0.30, -0.20, 0.10, 0.00, 0.10, 0.20,
                      0.30, 0.40, 0.50, 0.60, 0.70, 0.80, 0.90, 1.00, 1.10, 1.20, 1.30, 1.40, 1.50, 1.60, 1.70, 1.80, 1.90, 2.00
#####################################################################################################################################


#####################################################################################################################################
For WASP-39 b retrieval following grid is used:
Temperature: 100, 110, 120, 130, 140, 160, 180, 200, 230, 260, 290, 330, 370, 410, 460, 510, 580, 650, 730, 810, 900, 1000,
             1100, 1200, 1400, 1600, 1800, 2000, 2200, 2400, 2600, 2800, 3000
Pressure:-5.00, -4.20, -3.80, -3.50, -3.25, -3.05, -2.95, -2.85, -2.75, -2.65, -2.55, -2.45, -2.30, -2.15, -2.00, -1.85,
         -1.70, -1.55, -1.4, -1.25, -1.1, -0.95, -0.80, -0.70, -0.60, -0.50, -0.40, -0.30, -0.20, 0.10, 0.00, 0.10, 0.20,
         0.30, 0.40, 0.50, 0.60, 0.70, 0.80, 0.90, 1.00, 1.10, 1.20, 1.30, 1.40, 1.50, 1.60, 1.70, 1.80, 1.90, 2.00
#####################################################################################################################################


#####################################################################################################################################
For Titan retrievals
Temperature: 70, 84, 98, 112, 126, 140, 154, 168, 182, 196, 210, 224, 238, 252, 266, 280, 294, 308
             322, 336, 350, 364, 378, 392
Pressure:-5.00, -4.20, -3.80, -3.50, -3.25, -3.05, -2.95, -2.85, -2.75, -2.65, -2.55, -2.45, -2.30, -2.15, -2.00, -1.85,
         -1.70, -1.55, -1.4, -1.25, -1.1, -0.95, -0.80, -0.70, -0.60, -0.50, -0.40, -0.30, -0.20, 0.10, 0.00, 0.10, 0.20,
         0.30, 0.40, 0.50, 0.60, 0.70, 0.80, 0.90, 1.00, 1.10, 1.20, 1.30, 1.40, 1.50, 1.60, 1.70, 1.80, 1.90, 2.00
#####################################################################################################################################




