# WavLow(micr), WavUpp(micr), WavC(micr), BinnedNoise(ppm), Npix
5.980898159748773146e-01 6.069011616663113617e-01 6.024954888205943382e-01 1.652256185465622366e+03 1.000000000000000000e+00
6.069011616663113617e-01 6.157125073577456309e-01 6.113068345120284963e-01 1.064761489994151589e+03 2.000000000000000000e+00
6.157125073577456309e-01 6.245238530491796780e-01 6.201181802034626545e-01 8.895175051535278499e+02 2.000000000000000000e+00
6.245238530491796780e-01 6.333351987406139472e-01 6.289295258948968126e-01 6.122922391844451795e+02 2.000000000000000000e+00
6.333351987406139472e-01 6.421465444320479943e-01 6.377408715863309707e-01 4.137636668155240613e+02 2.000000000000000000e+00
6.421465444320479943e-01 6.509578901234822634e-01 6.465522172777651289e-01 4.517764414230742318e+02 1.000000000000000000e+00
6.509578901234822634e-01 6.597692358149163105e-01 6.553635629691992870e-01 2.718061822804551184e+02 2.000000000000000000e+00
6.597692358149163105e-01 6.685805815063505797e-01 6.641749086606334451e-01 2.490226854497720410e+02 2.000000000000000000e+00
6.685805815063505797e-01 6.773919271977846268e-01 6.729862543520676033e-01 3.623834687863827639e+02 1.000000000000000000e+00
6.773919271977846268e-01 6.862032728892188960e-01 6.817976000435017614e-01 1.981890006864288694e+02 2.000000000000000000e+00
6.862032728892188960e-01 6.950146185806529431e-01 6.906089457349359195e-01 1.979804580412873918e+02 1.000000000000000000e+00
6.950146185806529431e-01 7.038259642720872122e-01 6.994202914263700777e-01 1.514445931085493839e+02 1.000000000000000000e+00
7.038259642720872122e-01 7.126373099635212593e-01 7.082316371178042358e-01 8.208262754839822151e+01 2.000000000000000000e+00
7.126373099635212593e-01 7.214486556549555285e-01 7.170429828092383939e-01 9.163804759803976197e+01 1.000000000000000000e+00
7.214486556549555285e-01 7.302600013463895756e-01 7.258543285006725521e-01 7.271167022452848983e+01 1.000000000000000000e+00
7.302600013463895756e-01 7.390713470378238448e-01 7.346656741921067102e-01 6.136896662425504445e+01 1.000000000000000000e+00
7.390713470378238448e-01 7.478826927292578919e-01 7.434770198835408683e-01 5.629378237887800651e+01 1.000000000000000000e+00
7.478826927292578919e-01 7.566940384206921610e-01 7.522883655749750265e-01 5.282175879938684204e+01 1.000000000000000000e+00
7.566940384206921610e-01 7.655053841121262082e-01 7.610997112664091846e-01 3.583434677975348848e+01 2.000000000000000000e+00
7.655053841121262082e-01 7.743167298035604773e-01 7.699110569578433427e-01 4.621448769407712120e+01 1.000000000000000000e+00
7.743167298035604773e-01 7.831280754949945244e-01 7.787224026492775009e-01 4.016404144037189639e+01 1.000000000000000000e+00
7.831280754949945244e-01 7.919394211864287936e-01 7.875337483407116590e-01 3.467092250703148437e+01 1.000000000000000000e+00
7.919394211864287936e-01 8.007507668778628407e-01 7.963450940321458171e-01 3.040236667367773293e+01 1.000000000000000000e+00
8.007507668778628407e-01 8.095621125692971098e-01 8.051564397235799753e-01 2.712806871161465949e+01 1.000000000000000000e+00
8.095621125692971098e-01 8.227791311064482915e-01 8.139677854150141334e-01 2.452757638685540442e+01 1.000000000000000000e+00
8.227791311064482915e-01 8.359961496435994732e-01 8.315904767978824497e-01 2.306939109520637032e+01 1.000000000000000000e+00
8.359961496435994732e-01 8.448074953350337424e-01 8.404018224893166078e-01 2.295018053726079543e+01 1.000000000000000000e+00
8.448074953350337424e-01 8.536188410264677895e-01 8.492131681807507659e-01 2.449369267998504185e+01 1.000000000000000000e+00
8.536188410264677895e-01 8.624301867179020586e-01 8.580245138721849241e-01 2.411577764770311916e+01 1.000000000000000000e+00
8.624301867179020586e-01 8.756472052550532403e-01 8.668358595636190822e-01 2.194452904009191485e+01 1.000000000000000000e+00
8.756472052550532403e-01 8.888642237922044220e-01 8.844585509464873985e-01 2.000000000000000000e+01 1.000000000000000000e+00
8.888642237922044220e-01 8.976755694836386912e-01 8.932698966379215566e-01 2.000000000000000000e+01 1.000000000000000000e+00
8.976755694836386912e-01 9.108925880207898729e-01 9.020812423293557147e-01 2.000000000000000000e+01 1.000000000000000000e+00
9.108925880207898729e-01 9.241096065579410546e-01 9.197039337122240310e-01 2.000000000000000000e+01 1.000000000000000000e+00
9.241096065579410546e-01 9.329209522493753237e-01 9.285152794036581891e-01 2.000000000000000000e+01 1.000000000000000000e+00
9.329209522493753237e-01 9.461379707865265054e-01 9.373266250950923473e-01 2.000000000000000000e+01 1.000000000000000000e+00
9.461379707865265054e-01 9.593549893236776871e-01 9.549493164779606635e-01 2.000000000000000000e+01 1.000000000000000000e+00
9.593549893236776871e-01 9.725720078608289798e-01 9.637606621693948217e-01 2.000000000000000000e+01 1.000000000000000000e+00
9.725720078608289798e-01 9.901946992436972961e-01 9.813833535522631379e-01 2.000000000000000000e+01 1.000000000000000000e+00
9.901946992436972961e-01 1.003411717780848367e+00 9.990060449351314542e-01 2.000000000000000000e+01 1.000000000000000000e+00
1.003411717780848367e+00 1.016628736317999770e+00 1.007817390626565501e+00 2.000000000000000000e+01 1.000000000000000000e+00
1.016628736317999770e+00 1.034251427700868087e+00 1.025440082009434040e+00 2.000000000000000000e+01 1.000000000000000000e+00
1.034251427700868087e+00 1.047468446238019268e+00 1.043062773392302134e+00 2.000000000000000000e+01 1.000000000000000000e+00
1.047468446238019268e+00 1.060685464775170672e+00 1.051874119083736403e+00 2.000000000000000000e+01 1.000000000000000000e+00
1.060685464775170672e+00 1.078308156158038766e+00 1.069496810466604719e+00 2.000000000000000000e+01 1.000000000000000000e+00
1.078308156158038766e+00 1.095930847540907305e+00 1.087119501849473036e+00 2.000000000000000000e+01 1.000000000000000000e+00
1.095930847540907305e+00 1.113553538923775399e+00 1.104742193232341352e+00 2.000000000000000000e+01 1.000000000000000000e+00
1.113553538923775399e+00 1.131176230306643937e+00 1.122364884615209668e+00 2.000000000000000000e+01 1.000000000000000000e+00
1.131176230306643937e+00 1.148798921689512031e+00 1.139987575998077984e+00 2.000000000000000000e+01 1.000000000000000000e+00
1.148798921689512031e+00 1.166421613072380570e+00 1.157610267380946301e+00 2.000000000000000000e+01 1.000000000000000000e+00
1.166421613072380570e+00 1.184044304455248664e+00 1.175232958763814617e+00 2.000000000000000000e+01 1.000000000000000000e+00
1.184044304455248664e+00 1.201666995838117202e+00 1.192855650146682933e+00 2.000000000000000000e+01 1.000000000000000000e+00
1.201666995838117202e+00 1.219289687220985297e+00 1.210478341529551249e+00 2.000000000000000000e+01 1.000000000000000000e+00
1.219289687220985297e+00 1.236912378603853835e+00 1.228101032912419566e+00 2.000000000000000000e+01 1.000000000000000000e+00
1.236912378603853835e+00 1.254535069986721929e+00 1.245723724295287882e+00 2.000000000000000000e+01 1.000000000000000000e+00
1.254535069986721929e+00 1.272157761369590467e+00 1.263346415678156198e+00 2.000000000000000000e+01 1.000000000000000000e+00
1.272157761369590467e+00 1.294186125598175696e+00 1.280969107061024514e+00 2.000000000000000000e+01 1.000000000000000000e+00
1.294186125598175696e+00 1.316214489826761147e+00 1.307403144135327100e+00 2.000000000000000000e+01 1.000000000000000000e+00
1.316214489826761147e+00 1.333837181209629463e+00 1.325025835518195194e+00 2.000000000000000000e+01 1.000000000000000000e+00
1.333837181209629463e+00 1.351459872592497780e+00 1.342648526901063732e+00 2.000000000000000000e+01 1.000000000000000000e+00
1.351459872592497780e+00 1.369082563975366096e+00 1.360271218283931827e+00 2.000000000000000000e+01 1.000000000000000000e+00
1.369082563975366096e+00 1.391110928203951547e+00 1.377893909666800365e+00 2.000000000000000000e+01 1.000000000000000000e+00
1.391110928203951547e+00 1.413139292432536998e+00 1.404327946741102728e+00 2.000000000000000000e+01 1.000000000000000000e+00
1.413139292432536998e+00 1.430761983815405092e+00 1.421950638123971045e+00 2.000000000000000000e+01 1.000000000000000000e+00
1.430761983815405092e+00 1.452790348043990543e+00 1.439573329506839361e+00 2.000000000000000000e+01 1.000000000000000000e+00
1.452790348043990543e+00 1.474818712272575993e+00 1.466007366581141724e+00 2.000000000000000000e+01 1.000000000000000000e+00
1.474818712272575993e+00 1.492441403655444310e+00 1.483630057964010263e+00 2.000000000000000000e+01 1.000000000000000000e+00
1.492441403655444310e+00 1.510064095038312626e+00 1.501252749346878357e+00 2.000000000000000000e+01 1.000000000000000000e+00
1.510064095038312626e+00 1.532092459266898077e+00 1.518875440729746895e+00 2.000000000000000000e+01 1.000000000000000000e+00
1.532092459266898077e+00 1.554120823495483528e+00 1.545309477804049259e+00 2.000000000000000000e+01 1.000000000000000000e+00
1.554120823495483528e+00 1.571743514878351622e+00 1.562932169186917575e+00 2.000000000000000000e+01 1.000000000000000000e+00
1.571743514878351622e+00 1.593771879106937073e+00 1.580554860569785891e+00 2.000000000000000000e+01 1.000000000000000000e+00
1.593771879106937073e+00 1.615800243335522524e+00 1.606988897644088254e+00 2.000000000000000000e+01 1.000000000000000000e+00
1.615800243335522524e+00 1.633422934718390840e+00 1.624611589026956793e+00 2.000000000000000000e+01 1.000000000000000000e+00
1.633422934718390840e+00 1.655451298946976291e+00 1.642234280409824887e+00 2.000000000000000000e+01 1.000000000000000000e+00
1.655451298946976291e+00 1.677479663175561742e+00 1.668668317484127694e+00 2.000000000000000000e+01 1.000000000000000000e+00
1.677479663175561742e+00 1.695102354558430058e+00 1.686291008866995789e+00 2.000000000000000000e+01 1.000000000000000000e+00
1.695102354558430058e+00 1.712725045941298374e+00 1.703913700249864327e+00 2.000000000000000000e+01 1.000000000000000000e+00
1.712725045941298374e+00 1.734753410169883603e+00 1.721536391632732421e+00 2.000000000000000000e+01 1.000000000000000000e+00
1.734753410169883603e+00 1.756781774398469054e+00 1.747970428707034785e+00 2.000000000000000000e+01 1.000000000000000000e+00
1.756781774398469054e+00 1.774404465781337370e+00 1.765593120089903323e+00 2.000000000000000000e+01 1.000000000000000000e+00
1.774404465781337370e+00 1.792027157164205686e+00 1.783215811472771417e+00 2.000000000000000000e+01 1.000000000000000000e+00
1.792027157164205686e+00 1.814055521392791137e+00 1.800838502855639955e+00 2.000000000000000000e+01 1.000000000000000000e+00
1.814055521392791137e+00 1.836083885621376588e+00 1.827272539929942319e+00 2.000000000000000000e+01 1.000000000000000000e+00
1.836083885621376588e+00 1.853706577004244904e+00 1.844895231312810857e+00 2.000000000000000000e+01 1.000000000000000000e+00
1.853706577004244904e+00 1.871329268387113220e+00 1.862517922695678951e+00 2.000000000000000000e+01 1.000000000000000000e+00
1.871329268387113220e+00 1.888951959769981537e+00 1.880140614078547490e+00 2.000000000000000000e+01 1.000000000000000000e+00
1.888951959769981537e+00 1.910980323998566766e+00 1.897763305461415584e+00 2.000000000000000000e+01 1.000000000000000000e+00
1.910980323998566766e+00 1.933008688227152216e+00 1.924197342535717947e+00 2.000000000000000000e+01 1.000000000000000000e+00
1.933008688227152216e+00 1.950631379610020533e+00 1.941820033918586486e+00 2.000000000000000000e+01 1.000000000000000000e+00
1.950631379610020533e+00 1.968254070992888849e+00 1.959442725301454580e+00 2.000000000000000000e+01 1.000000000000000000e+00
1.968254070992888849e+00 1.985876762375757165e+00 1.977065416684323118e+00 2.000000000000000000e+01 1.000000000000000000e+00
1.985876762375757165e+00 2.003499453758625481e+00 1.994688108067191212e+00 2.000000000000000000e+01 1.000000000000000000e+00
2.003499453758625481e+00 2.021122145141493576e+00 2.012310799450059751e+00 2.000000000000000000e+01 1.000000000000000000e+00
2.021122145141493576e+00 2.038744836524362114e+00 2.029933490832927845e+00 2.000000000000000000e+01 1.000000000000000000e+00
2.038744836524362114e+00 2.060773200752947787e+00 2.047556182215796383e+00 2.000000000000000000e+01 1.000000000000000000e+00
2.060773200752947787e+00 2.082801564981533016e+00 2.073990219290098747e+00 2.000000000000000000e+01 1.000000000000000000e+00
2.082801564981533016e+00 2.100424256364401110e+00 2.091612910672967285e+00 2.000000000000000000e+01 1.000000000000000000e+00
2.100424256364401110e+00 2.118046947747269648e+00 2.109235602055835379e+00 2.000000000000000000e+01 1.000000000000000000e+00
2.118046947747269648e+00 2.135669639130138187e+00 2.126858293438703917e+00 2.000000000000000000e+01 1.000000000000000000e+00
2.135669639130138187e+00 2.153292330513006281e+00 2.144480984821572012e+00 2.000000000000000000e+01 1.000000000000000000e+00
2.153292330513006281e+00 2.170915021895874375e+00 2.162103676204440550e+00 2.000000000000000000e+01 1.000000000000000000e+00
2.170915021895874375e+00 2.188537713278742913e+00 2.179726367587308644e+00 2.000000000000000000e+01 1.000000000000000000e+00
2.188537713278742913e+00 2.206160404661611452e+00 2.197349058970177182e+00 2.000000000000000000e+01 1.000000000000000000e+00
2.206160404661611452e+00 2.223783096044479546e+00 2.214971750353045277e+00 2.000000000000000000e+01 1.000000000000000000e+00
2.223783096044479546e+00 2.241405787427347640e+00 2.232594441735913815e+00 2.000000000000000000e+01 1.000000000000000000e+00
2.241405787427347640e+00 2.259028478810216178e+00 2.250217133118781909e+00 2.000000000000000000e+01 1.000000000000000000e+00
2.259028478810216178e+00 2.276651170193084717e+00 2.267839824501650448e+00 2.000000000000000000e+01 1.000000000000000000e+00
2.276651170193084717e+00 2.289868188730235676e+00 2.285462515884518542e+00 2.000000000000000000e+01 1.000000000000000000e+00
2.289868188730235676e+00 2.303085207267386636e+00 2.294273861575952811e+00 2.000000000000000000e+01 1.000000000000000000e+00
2.303085207267386636e+00 2.320707898650255174e+00 2.311896552958820905e+00 2.000000000000000000e+01 1.000000000000000000e+00
2.320707898650255174e+00 2.338330590033123713e+00 2.329519244341689443e+00 2.000000000000000000e+01 1.000000000000000000e+00
2.338330590033123713e+00 2.355953281415991807e+00 2.347141935724557538e+00 2.000000000000000000e+01 1.000000000000000000e+00
2.355953281415991807e+00 2.373575972798859901e+00 2.364764627107426076e+00 2.000000000000000000e+01 1.000000000000000000e+00
2.373575972798859901e+00 2.391198664181728439e+00 2.382387318490294170e+00 2.000000000000000000e+01 1.000000000000000000e+00
2.391198664181728439e+00 2.408821355564596978e+00 2.400010009873162709e+00 2.000000000000000000e+01 1.000000000000000000e+00
2.408821355564596978e+00 2.426444046947465072e+00 2.417632701256030803e+00 2.000000000000000000e+01 1.000000000000000000e+00
2.426444046947465072e+00 2.439661065484616476e+00 2.435255392638899341e+00 2.000000000000000000e+01 1.000000000000000000e+00
2.439661065484616476e+00 2.452878084021767435e+00 2.444066738330333610e+00 2.000000000000000000e+01 1.000000000000000000e+00
2.452878084021767435e+00 2.470500775404635974e+00 2.461689429713201704e+00 2.000000000000000000e+01 1.000000000000000000e+00
2.470500775404635974e+00 2.488123466787504512e+00 2.479312121096070243e+00 2.000000000000000000e+01 1.000000000000000000e+00
2.488123466787504512e+00 2.505746158170372606e+00 2.496934812478938337e+00 2.000000000000000000e+01 1.000000000000000000e+00
2.505746158170372606e+00 2.518963176707523566e+00 2.514557503861806875e+00 2.000000000000000000e+01 1.000000000000000000e+00
2.518963176707523566e+00 2.532180195244674970e+00 2.523368849553240700e+00 2.000000000000000000e+01 1.000000000000000000e+00
2.532180195244674970e+00 2.549802886627543508e+00 2.540991540936109239e+00 2.000000000000000000e+01 1.000000000000000000e+00
2.549802886627543508e+00 2.567425578010411602e+00 2.558614232318977333e+00 2.000000000000000000e+01 1.000000000000000000e+00
2.567425578010411602e+00 2.580642596547563006e+00 2.576236923701845871e+00 2.000000000000000000e+01 1.000000000000000000e+00
2.580642596547563006e+00 2.593859615084713965e+00 2.585048269393280140e+00 2.000000000000000000e+01 1.000000000000000000e+00
2.593859615084713965e+00 2.611482306467582504e+00 2.602670960776148235e+00 2.000000000000000000e+01 1.000000000000000000e+00
2.611482306467582504e+00 2.629104997850451042e+00 2.620293652159016773e+00 2.000000000000000000e+01 1.000000000000000000e+00
2.629104997850451042e+00 2.642322016387602002e+00 2.637916343541884867e+00 2.000000000000000000e+01 1.000000000000000000e+00
2.642322016387602002e+00 2.655539034924753405e+00 2.646727689233319136e+00 2.000000000000000000e+01 1.000000000000000000e+00
2.655539034924753405e+00 2.673161726307621500e+00 2.664350380616187675e+00 2.000000000000000000e+01 1.000000000000000000e+00
2.673161726307621500e+00 2.690784417690490038e+00 2.681973071999055769e+00 2.000000000000000000e+01 1.000000000000000000e+00
2.690784417690490038e+00 2.704001436227640998e+00 2.699595763381923863e+00 2.000000000000000000e+01 1.000000000000000000e+00
2.704001436227640998e+00 2.717218454764792401e+00 2.708407109073358132e+00 2.000000000000000000e+01 1.000000000000000000e+00
2.717218454764792401e+00 2.734841146147660496e+00 2.726029800456226670e+00 2.000000000000000000e+01 1.000000000000000000e+00
2.734841146147660496e+00 2.748058164684811899e+00 2.743652491839094765e+00 2.000000000000000000e+01 1.000000000000000000e+00
2.748058164684811899e+00 2.761275183221963303e+00 2.752463837530529034e+00 2.000000000000000000e+01 1.000000000000000000e+00
2.761275183221963303e+00 2.774492201759114263e+00 2.770086528913397128e+00 2.000000000000000000e+01 1.000000000000000000e+00
2.774492201759114263e+00 2.787709220296265666e+00 2.778897874604831397e+00 2.000000000000000000e+01 1.000000000000000000e+00
2.787709220296265666e+00 2.805331911679133761e+00 2.796520565987699936e+00 2.000000000000000000e+01 1.000000000000000000e+00
2.805331911679133761e+00 2.818548930216285164e+00 2.814143257370568030e+00 2.000000000000000000e+01 1.000000000000000000e+00
2.818548930216285164e+00 2.831765948753436568e+00 2.822954603062002299e+00 2.000000000000000000e+01 1.000000000000000000e+00
2.831765948753436568e+00 2.849388640136304662e+00 2.840577294444870393e+00 2.000000000000000000e+01 1.000000000000000000e+00
2.849388640136304662e+00 2.862605658673456066e+00 2.858199985827738931e+00 2.000000000000000000e+01 1.000000000000000000e+00
2.862605658673456066e+00 2.875822677210607026e+00 2.867011331519173201e+00 2.000000000000000000e+01 1.000000000000000000e+00
2.875822677210607026e+00 2.889039695747758429e+00 2.884634022902041295e+00 2.000000000000000000e+01 1.000000000000000000e+00
2.889039695747758429e+00 2.902256714284909833e+00 2.893445368593475564e+00 2.000000000000000000e+01 1.000000000000000000e+00
2.902256714284909833e+00 2.915473732822060793e+00 2.911068059976343658e+00 2.000000000000000000e+01 1.000000000000000000e+00
2.915473732822060793e+00 2.928690751359212197e+00 2.919879405667777927e+00 2.000000000000000000e+01 1.000000000000000000e+00
2.928690751359212197e+00 2.946313442742080291e+00 2.937502097050646466e+00 2.000000000000000000e+01 1.000000000000000000e+00
2.946313442742080291e+00 2.959530461279231695e+00 2.955124788433514560e+00 2.000000000000000000e+01 1.000000000000000000e+00
2.959530461279231695e+00 2.972747479816383098e+00 2.963936134124948829e+00 2.000000000000000000e+01 1.000000000000000000e+00
2.972747479816383098e+00 2.985964498353534058e+00 2.981558825507816923e+00 2.000000000000000000e+01 1.000000000000000000e+00
2.985964498353534058e+00 2.999181516890685462e+00 2.990370171199251192e+00 2.000000000000000000e+01 1.000000000000000000e+00
2.999181516890685462e+00 3.012398535427836865e+00 3.007992862582119731e+00 2.000000000000000000e+01 1.000000000000000000e+00
3.012398535427836865e+00 3.025615553964987825e+00 3.016804208273554000e+00 2.000000000000000000e+01 1.000000000000000000e+00
3.025615553964987825e+00 3.038832572502139229e+00 3.034426899656422094e+00 2.000000000000000000e+01 1.000000000000000000e+00
3.038832572502139229e+00 3.052049591039290632e+00 3.043238245347856363e+00 2.000000000000000000e+01 1.000000000000000000e+00
3.052049591039290632e+00 3.065266609576441592e+00 3.060860936730724458e+00 2.000000000000000000e+01 1.000000000000000000e+00
3.065266609576441592e+00 3.078483628113592996e+00 3.069672282422158727e+00 2.000000000000000000e+01 1.000000000000000000e+00
3.078483628113592996e+00 3.091700646650743955e+00 3.087294973805027265e+00 2.000000000000000000e+01 1.000000000000000000e+00
3.091700646650743955e+00 3.104917665187895359e+00 3.096106319496461090e+00 2.000000000000000000e+01 1.000000000000000000e+00
3.104917665187895359e+00 3.118134683725046763e+00 3.113729010879329628e+00 2.000000000000000000e+01 1.000000000000000000e+00
3.118134683725046763e+00 3.131351702262197723e+00 3.122540356570763453e+00 2.000000000000000000e+01 1.000000000000000000e+00
3.131351702262197723e+00 3.144568720799349126e+00 3.140163047953631992e+00 2.000000000000000000e+01 1.000000000000000000e+00
3.144568720799349126e+00 3.157785739336500086e+00 3.148974393645066261e+00 2.000000000000000000e+01 1.000000000000000000e+00
3.157785739336500086e+00 3.171002757873651490e+00 3.166597085027934355e+00 2.000000000000000000e+01 1.000000000000000000e+00
3.171002757873651490e+00 3.179814103565085759e+00 3.175408430719368624e+00 2.000000000000000000e+01 1.000000000000000000e+00
3.179814103565085759e+00 3.193031122102237163e+00 3.184219776410802893e+00 2.000000000000000000e+01 1.000000000000000000e+00
3.193031122102237163e+00 3.206248140639388122e+00 3.201842467793670988e+00 2.000000000000000000e+01 1.000000000000000000e+00
3.206248140639388122e+00 3.219465159176539526e+00 3.210653813485105257e+00 2.000000000000000000e+01 1.000000000000000000e+00
3.219465159176539526e+00 3.232682177713690486e+00 3.228276504867973795e+00 2.000000000000000000e+01 1.000000000000000000e+00
3.232682177713690486e+00 3.245899196250841889e+00 3.237087850559407620e+00 2.000000000000000000e+01 1.000000000000000000e+00
3.245899196250841889e+00 3.259116214787993293e+00 3.254710541942276159e+00 2.000000000000000000e+01 1.000000000000000000e+00
3.259116214787993293e+00 3.267927560479427118e+00 3.263521887633709984e+00 2.000000000000000000e+01 1.000000000000000000e+00
3.267927560479427118e+00 3.281144579016578522e+00 3.272333233325144253e+00 2.000000000000000000e+01 1.000000000000000000e+00
3.281144579016578522e+00 3.294361597553729926e+00 3.289955924708012791e+00 2.000000000000000000e+01 1.000000000000000000e+00
3.294361597553729926e+00 3.307578616090880885e+00 3.298767270399447060e+00 2.000000000000000000e+01 1.000000000000000000e+00
3.307578616090880885e+00 3.320795634628032289e+00 3.316389961782315154e+00 2.000000000000000000e+01 1.000000000000000000e+00
3.320795634628032289e+00 3.329606980319466558e+00 3.325201307473749424e+00 2.000000000000000000e+01 1.000000000000000000e+00
3.329606980319466558e+00 3.342823998856617518e+00 3.334012653165183249e+00 2.000000000000000000e+01 1.000000000000000000e+00
3.342823998856617518e+00 3.356041017393768922e+00 3.351635344548051787e+00 2.000000000000000000e+01 1.000000000000000000e+00
3.356041017393768922e+00 3.369258035930919881e+00 3.360446690239486056e+00 2.004855047118532951e+01 1.000000000000000000e+00
3.369258035930919881e+00 3.382475054468071285e+00 3.378069381622354150e+00 2.021153687885054140e+01 1.000000000000000000e+00
3.382475054468071285e+00 3.391286400159505554e+00 3.386880727313788420e+00 2.024350359461169546e+01 1.000000000000000000e+00
3.391286400159505554e+00 3.404503418696656958e+00 3.395692073005222689e+00 2.005503005873812583e+01 1.000000000000000000e+00
3.404503418696656958e+00 3.417720437233807917e+00 3.413314764388090783e+00 2.000000000000000000e+01 1.000000000000000000e+00
3.417720437233807917e+00 3.426531782925242187e+00 3.422126110079525052e+00 2.000000000000000000e+01 1.000000000000000000e+00
3.426531782925242187e+00 3.439748801462393146e+00 3.430937455770959321e+00 2.001977682203411746e+01 1.000000000000000000e+00
3.439748801462393146e+00 3.452965819999544550e+00 3.448560147153827415e+00 2.039610372608488120e+01 1.000000000000000000e+00
3.452965819999544550e+00 3.461777165690978819e+00 3.457371492845261685e+00 2.066486107285916773e+01 1.000000000000000000e+00
3.461777165690978819e+00 3.474994184228130223e+00 3.466182838536695954e+00 2.087293340424739085e+01 1.000000000000000000e+00
3.474994184228130223e+00 3.488211202765281183e+00 3.483805529919564048e+00 2.108304100936561198e+01 1.000000000000000000e+00
3.488211202765281183e+00 3.497022548456715452e+00 3.492616875610998317e+00 2.130239427507179073e+01 1.000000000000000000e+00
3.497022548456715452e+00 3.510239566993866411e+00 3.501428221302432586e+00 2.133401365908667202e+01 1.000000000000000000e+00
3.510239566993866411e+00 3.523456585531017815e+00 3.519050912685300680e+00 2.120002917779001450e+01 1.000000000000000000e+00
3.523456585531017815e+00 3.532267931222452084e+00 3.527862258376734950e+00 2.114779095815184107e+01 1.000000000000000000e+00
3.532267931222452084e+00 3.541079276913886353e+00 3.536673604068169219e+00 2.124840861013059978e+01 1.000000000000000000e+00
3.541079276913886353e+00 3.554296295451037313e+00 3.545484949759603044e+00 2.151362429185132186e+01 1.000000000000000000e+00
3.554296295451037313e+00 3.567513313988188717e+00 3.563107641142471582e+00 2.178910228729881027e+01 1.000000000000000000e+00
3.567513313988188717e+00 3.576324659679622986e+00 3.571918986833905851e+00 2.194124132907253255e+01 1.000000000000000000e+00
3.576324659679622986e+00 3.589541678216773946e+00 3.580730332525340120e+00 2.203730660522738560e+01 1.000000000000000000e+00
3.589541678216773946e+00 3.602758696753925349e+00 3.598353023908208215e+00 2.203267102463211913e+01 1.000000000000000000e+00
3.602758696753925349e+00 3.611570042445359618e+00 3.607164369599642484e+00 2.183373295693588645e+01 1.000000000000000000e+00
3.611570042445359618e+00 3.620381388136793444e+00 3.615975715291076309e+00 2.178022897207087993e+01 1.000000000000000000e+00
3.620381388136793444e+00 3.633598406673944847e+00 3.624787060982510578e+00 2.224202282063354019e+01 1.000000000000000000e+00
3.633598406673944847e+00 3.646815425211096251e+00 3.642409752365379116e+00 2.295674013655957069e+01 1.000000000000000000e+00
3.646815425211096251e+00 3.655626770902530076e+00 3.651221098056813386e+00 2.356187770772708134e+01 1.000000000000000000e+00
3.655626770902530076e+00 3.664438116593964345e+00 3.660032443748247211e+00 2.297644296573525580e+01 1.000000000000000000e+00
3.664438116593964345e+00 3.677655135131115749e+00 3.668843789439681480e+00 2.241706561738242343e+01 1.000000000000000000e+00
3.677655135131115749e+00 3.690872153668266709e+00 3.686466480822549574e+00 2.213300388167278143e+01 1.000000000000000000e+00
3.690872153668266709e+00 3.699683499359700978e+00 3.695277826513983843e+00 2.212413496391619461e+01 1.000000000000000000e+00
3.699683499359700978e+00 3.708494845051135247e+00 3.704089172205418112e+00 2.200417637546550864e+01 1.000000000000000000e+00
3.708494845051135247e+00 3.721711863588286207e+00 3.712900517896852381e+00 2.190885604992085334e+01 1.000000000000000000e+00
3.721711863588286207e+00 3.734928882125437610e+00 3.730523209279720476e+00 2.189529432311750057e+01 1.000000000000000000e+00
3.734928882125437610e+00 3.743740227816871879e+00 3.739334554971154745e+00 2.196663120115829315e+01 1.000000000000000000e+00
3.743740227816871879e+00 3.752551573508306149e+00 3.748145900662589014e+00 2.205592420253233499e+01 1.000000000000000000e+00
3.752551573508306149e+00 3.765768592045457108e+00 3.756957246354022839e+00 2.233671623583882138e+01 1.000000000000000000e+00
3.765768592045457108e+00 3.778985610582608512e+00 3.774579937736891377e+00 2.265376377365464222e+01 1.000000000000000000e+00
3.778985610582608512e+00 3.787796956274042781e+00 3.783391283428325647e+00 2.292112080866680657e+01 1.000000000000000000e+00
3.787796956274042781e+00 3.796608301965476606e+00 3.792202629119759916e+00 2.292450940281399951e+01 1.000000000000000000e+00
3.796608301965476606e+00 3.805419647656910875e+00 3.801013974811193741e+00 2.284700875342029747e+01 1.000000000000000000e+00
3.805419647656910875e+00 3.818636666194062279e+00 3.809825320502628010e+00 2.277512108681021985e+01 1.000000000000000000e+00
3.818636666194062279e+00 3.831853684731213239e+00 3.827448011885496104e+00 2.276096351088985159e+01 1.000000000000000000e+00
3.831853684731213239e+00 3.840665030422647508e+00 3.836259357576930373e+00 2.298967881194135998e+01 1.000000000000000000e+00
3.840665030422647508e+00 3.849476376114081777e+00 3.845070703268364642e+00 2.316434091105459459e+01 1.000000000000000000e+00
3.849476376114081777e+00 3.858287721805516046e+00 3.853882048959798912e+00 2.326728446382366400e+01 1.000000000000000000e+00
3.858287721805516046e+00 3.871504740342667006e+00 3.862693394651233181e+00 2.326002076717391276e+01 1.000000000000000000e+00
3.871504740342667006e+00 3.884721758879818410e+00 3.880316086034101275e+00 2.338582381167404733e+01 1.000000000000000000e+00
3.884721758879818410e+00 3.893533104571252679e+00 3.889127431725535544e+00 2.359979726238755404e+01 1.000000000000000000e+00
3.893533104571252679e+00 3.902344450262686504e+00 3.897938777416969369e+00 2.388893415623330441e+01 1.000000000000000000e+00
3.902344450262686504e+00 3.911155795954120773e+00 3.906750123108403638e+00 2.415305042266376034e+01 1.000000000000000000e+00
3.911155795954120773e+00 3.919967141645555042e+00 3.915561468799837908e+00 2.433684460903227631e+01 1.000000000000000000e+00
3.919967141645555042e+00 3.933184160182706002e+00 3.924372814491272177e+00 2.446117222496316046e+01 1.000000000000000000e+00
3.933184160182706002e+00 3.946401178719857405e+00 3.941995505874140271e+00 2.453329563567976734e+01 1.000000000000000000e+00
3.946401178719857405e+00 3.955212524411291675e+00 3.950806851565574540e+00 2.471011870147075840e+01 1.000000000000000000e+00
3.955212524411291675e+00 3.964023870102725944e+00 3.959618197257008809e+00 2.493251852992259288e+01 1.000000000000000000e+00
3.964023870102725944e+00 3.972835215794159769e+00 3.968429542948442634e+00 2.519050080759102173e+01 1.000000000000000000e+00
3.972835215794159769e+00 3.981646561485594038e+00 3.977240888639876903e+00 2.543053489223758490e+01 1.000000000000000000e+00
3.981646561485594038e+00 3.994863580022744998e+00 3.986052234331311173e+00 2.569100821722123129e+01 1.000000000000000000e+00
3.994863580022744998e+00 4.008080598559896401e+00 4.003674925714179267e+00 2.596027226009006483e+01 1.000000000000000000e+00
4.008080598559896401e+00 4.016891944251330671e+00 4.012486271405613536e+00 2.619140140160562069e+01 1.000000000000000000e+00
4.016891944251330671e+00 4.025703289942764940e+00 4.021297617097047805e+00 2.662854449361546116e+01 1.000000000000000000e+00
4.025703289942764940e+00 4.034514635634199209e+00 4.030108962788482074e+00 2.709756023563413052e+01 1.000000000000000000e+00
4.034514635634199209e+00 4.043325981325632590e+00 4.038920308479915455e+00 2.738575408056544802e+01 1.000000000000000000e+00
4.043325981325632590e+00 4.052137327017066859e+00 4.047731654171349724e+00 2.742763317404201118e+01 1.000000000000000000e+00
4.052137327017066859e+00 4.060948672708501128e+00 4.056542999862783994e+00 2.743661105792270050e+01 1.000000000000000000e+00
4.060948672708501128e+00 4.074165691245652532e+00 4.065354345554218263e+00 2.748825798185399094e+01 1.000000000000000000e+00
4.074165691245652532e+00 4.087382709782803936e+00 4.082977036937086801e+00 2.769796699608455626e+01 1.000000000000000000e+00
4.087382709782803936e+00 4.096194055474238205e+00 4.091788382628521070e+00 2.790283832251405727e+01 1.000000000000000000e+00
4.096194055474238205e+00 4.105005401165671586e+00 4.100599728319955339e+00 2.807424080572240754e+01 1.000000000000000000e+00
4.105005401165671586e+00 4.113816746857105855e+00 4.109411074011388720e+00 2.810421650161725537e+01 1.000000000000000000e+00
4.113816746857105855e+00 4.122628092548540124e+00 4.118222419702822990e+00 2.815642604687939254e+01 1.000000000000000000e+00
4.122628092548540124e+00 4.131439438239974393e+00 4.127033765394257259e+00 2.824301862846449751e+01 1.000000000000000000e+00
4.131439438239974393e+00 4.140250783931408662e+00 4.135845111085691528e+00 2.871343051856164763e+01 1.000000000000000000e+00
4.140250783931408662e+00 4.149062129622842932e+00 4.144656456777125797e+00 2.934992565231042150e+01 1.000000000000000000e+00
4.149062129622842932e+00 4.162279148159994335e+00 4.153467802468560066e+00 3.015363527234499230e+01 1.000000000000000000e+00
4.162279148159994335e+00 4.175496166697145739e+00 4.171090493851428604e+00 3.046063440694916125e+01 1.000000000000000000e+00
4.175496166697145739e+00 4.184307512388579120e+00 4.179901839542861985e+00 3.052644496951392483e+01 1.000000000000000000e+00
4.184307512388579120e+00 4.193118858080013389e+00 4.188713185234296255e+00 3.038203536281918460e+01 1.000000000000000000e+00
4.193118858080013389e+00 4.201930203771447658e+00 4.197524530925730524e+00 3.085325892438168083e+01 1.000000000000000000e+00
4.201930203771447658e+00 4.210741549462881927e+00 4.206335876617164793e+00 3.117436833540788754e+01 1.000000000000000000e+00
4.210741549462881927e+00 4.219552895154316197e+00 4.215147222308599062e+00 3.132915467588772174e+01 1.000000000000000000e+00
4.219552895154316197e+00 4.228364240845750466e+00 4.223958568000033331e+00 3.129932890678851720e+01 1.000000000000000000e+00
4.228364240845750466e+00 4.237175586537184735e+00 4.232769913691467600e+00 3.145174977422070484e+01 1.000000000000000000e+00
4.237175586537184735e+00 4.245986932228618116e+00 4.241581259382901870e+00 3.182414470481473145e+01 1.000000000000000000e+00
4.245986932228618116e+00 4.254798277920052385e+00 4.250392605074335250e+00 3.205251482598694679e+01 1.000000000000000000e+00
4.254798277920052385e+00 4.268015296457203789e+00 4.259203950765769520e+00 3.221236967587908850e+01 1.000000000000000000e+00
4.268015296457203789e+00 4.281232314994355193e+00 4.276826642148638058e+00 3.228820105640550508e+01 1.000000000000000000e+00
4.281232314994355193e+00 4.290043660685789462e+00 4.285637987840072327e+00 3.279209396050877245e+01 1.000000000000000000e+00
4.290043660685789462e+00 4.298855006377223731e+00 4.294449333531506596e+00 3.355619137805520324e+01 1.000000000000000000e+00
4.298855006377223731e+00 4.307666352068658000e+00 4.303260679222940865e+00 3.474160798431197605e+01 1.000000000000000000e+00
4.307666352068658000e+00 4.316477697760092269e+00 4.312072024914375135e+00 3.601640374713796433e+01 1.000000000000000000e+00
4.316477697760092269e+00 4.325289043451525650e+00 4.320883370605808516e+00 3.736831123764116569e+01 1.000000000000000000e+00
4.325289043451525650e+00 4.334100389142959919e+00 4.329694716297242785e+00 3.871860937821793414e+01 1.000000000000000000e+00
4.334100389142959919e+00 4.342911734834394188e+00 4.338506061988677054e+00 3.999577294499138702e+01 1.000000000000000000e+00
4.342911734834394188e+00 4.351723080525828458e+00 4.347317407680111323e+00 4.097400459287884900e+01 1.000000000000000000e+00
4.351723080525828458e+00 4.360534426217262727e+00 4.356128753371545592e+00 3.934523218099786135e+01 1.000000000000000000e+00
4.360534426217262727e+00 4.369345771908696996e+00 4.364940099062979861e+00 3.838608150627739946e+01 1.000000000000000000e+00
4.369345771908696996e+00 4.378157117600131265e+00 4.373751444754414131e+00 3.797289067770493176e+01 1.000000000000000000e+00
4.378157117600131265e+00 4.386968463291564646e+00 4.382562790445848400e+00 3.792300709401355618e+01 1.000000000000000000e+00
4.386968463291564646e+00 4.395779808982998915e+00 4.391374136137281781e+00 3.808044630896793592e+01 1.000000000000000000e+00
4.395779808982998915e+00 4.404591154674433184e+00 4.400185481828716050e+00 3.857263611826769534e+01 1.000000000000000000e+00
4.404591154674433184e+00 4.413402500365867454e+00 4.408996827520150319e+00 3.923640413740343291e+01 1.000000000000000000e+00
4.413402500365867454e+00 4.422213846057301723e+00 4.417808173211584588e+00 3.987116310430089783e+01 1.000000000000000000e+00
4.422213846057301723e+00 4.431025191748735992e+00 4.426619518903018857e+00 4.003983877351791421e+01 1.000000000000000000e+00
4.431025191748735992e+00 4.439836537440170261e+00 4.435430864594453126e+00 4.000330927566447770e+01 1.000000000000000000e+00
4.439836537440170261e+00 4.448647883131604530e+00 4.444242210285887396e+00 3.982478723266167009e+01 1.000000000000000000e+00
4.448647883131604530e+00 4.457459228823038799e+00 4.453053555977321665e+00 4.045338176760579074e+01 1.000000000000000000e+00
4.457459228823038799e+00 4.466270574514472180e+00 4.461864901668755046e+00 4.134234564995563233e+01 1.000000000000000000e+00
4.466270574514472180e+00 4.475081920205906449e+00 4.470676247360189315e+00 4.266080565647681766e+01 1.000000000000000000e+00
4.475081920205906449e+00 4.483893265897340719e+00 4.479487593051623584e+00 4.357952493706628161e+01 1.000000000000000000e+00
4.483893265897340719e+00 4.492704611588774988e+00 4.488298938743057853e+00 4.432867000135391322e+01 1.000000000000000000e+00
4.492704611588774988e+00 4.505921630125926391e+00 4.497110284434492122e+00 4.487681609130554961e+01 1.000000000000000000e+00
4.505921630125926391e+00 4.519138648663077795e+00 4.514732975817360661e+00 4.500012006982262136e+01 1.000000000000000000e+00
4.519138648663077795e+00 4.527949994354511176e+00 4.523544321508794930e+00 4.468098109158006537e+01 1.000000000000000000e+00
4.527949994354511176e+00 4.536761340045945445e+00 4.532355667200228311e+00 4.453798336102308753e+01 1.000000000000000000e+00
4.536761340045945445e+00 4.545572685737379715e+00 4.541167012891662580e+00 4.442649231162072709e+01 1.000000000000000000e+00
4.545572685737379715e+00 4.554384031428813984e+00 4.549978358583096849e+00 4.431674419567846712e+01 1.000000000000000000e+00
4.554384031428813984e+00 4.563195377120248253e+00 4.558789704274531118e+00 4.415692991260159062e+01 1.000000000000000000e+00
4.563195377120248253e+00 4.572006722811682522e+00 4.567601049965965387e+00 4.396107553333804674e+01 1.000000000000000000e+00
4.572006722811682522e+00 4.580818068503116791e+00 4.576412395657399657e+00 4.374040353095721656e+01 1.000000000000000000e+00
4.580818068503116791e+00 4.589629414194551060e+00 4.585223741348833926e+00 4.368579564542090310e+01 1.000000000000000000e+00
4.589629414194551060e+00 4.598440759885985329e+00 4.594035087040268195e+00 3.169426138506207380e+01 2.000000000000000000e+00
4.598440759885985329e+00 4.607252105577418710e+00 4.602846432731701576e+00 4.787318580101456433e+01 1.000000000000000000e+00
4.607252105577418710e+00 4.616063451268852980e+00 4.611657778423135845e+00 4.975385326036207800e+01 1.000000000000000000e+00
4.616063451268852980e+00 4.624874796960287249e+00 4.620469124114570114e+00 5.094391553707556142e+01 1.000000000000000000e+00
4.624874796960287249e+00 4.633686142651721518e+00 4.629280469806004383e+00 5.002459112324326185e+01 1.000000000000000000e+00
4.633686142651721518e+00 4.642497488343155787e+00 4.638091815497438652e+00 4.935537041240606726e+01 1.000000000000000000e+00
4.642497488343155787e+00 4.651308834034589168e+00 4.646903161188872922e+00 4.887544224314122943e+01 1.000000000000000000e+00
4.651308834034589168e+00 4.660120179726023437e+00 4.655714506880306303e+00 4.969907618678774242e+01 1.000000000000000000e+00
4.660120179726023437e+00 4.668931525417457706e+00 4.664525852571740572e+00 5.015146292872183409e+01 1.000000000000000000e+00
4.668931525417457706e+00 4.677742871108891975e+00 4.673337198263174841e+00 4.862860697434828694e+01 1.000000000000000000e+00
4.677742871108891975e+00 4.686554216800326245e+00 4.682148543954609110e+00 4.754799231364612666e+01 1.000000000000000000e+00
4.686554216800326245e+00 4.695365562491760514e+00 4.690959889646043379e+00 4.685312133535607160e+01 1.000000000000000000e+00
4.695365562491760514e+00 4.704176908183194783e+00 4.699771235337477648e+00 4.746703891105212847e+01 1.000000000000000000e+00
4.704176908183194783e+00 4.712988253874629052e+00 4.708582581028911918e+00 4.844877271539724717e+01 1.000000000000000000e+00
4.712988253874629052e+00 4.721799599566063321e+00 4.717393926720346187e+00 4.967248495251556051e+01 1.000000000000000000e+00
4.721799599566063321e+00 4.730610945257497590e+00 4.726205272411780456e+00 5.043922733837807471e+01 1.000000000000000000e+00
4.730610945257497590e+00 4.739422290948930971e+00 4.735016618103213837e+00 5.041363671135654556e+01 1.000000000000000000e+00
4.739422290948930971e+00 4.748233636640365241e+00 4.743827963794648106e+00 5.050956578402249164e+01 1.000000000000000000e+00
4.748233636640365241e+00 4.757044982331799510e+00 4.752639309486082375e+00 5.066213646886017585e+01 1.000000000000000000e+00
4.757044982331799510e+00 4.765856328023233779e+00 4.761450655177516644e+00 4.994570598671811723e+01 1.000000000000000000e+00
4.765856328023233779e+00 4.774667673714668048e+00 4.770262000868950913e+00 4.928435747363570840e+01 1.000000000000000000e+00
4.774667673714668048e+00 4.783479019406102317e+00 4.779073346560385183e+00 4.893525969780698404e+01 1.000000000000000000e+00
4.783479019406102317e+00 4.792290365097535698e+00 4.787884692251819452e+00 4.981021581360964490e+01 1.000000000000000000e+00
4.792290365097535698e+00 4.801101710788969967e+00 4.796696037943252833e+00 5.216406805834523652e+01 1.000000000000000000e+00
4.801101710788969967e+00 4.809913056480404236e+00 4.805507383634687102e+00 5.421345662180391400e+01 1.000000000000000000e+00
4.809913056480404236e+00 4.818724402171838506e+00 4.814318729326121371e+00 5.621061101157414441e+01 1.000000000000000000e+00
4.818724402171838506e+00 4.827535747863272775e+00 4.823130075017555640e+00 3.994371797718219597e+01 2.000000000000000000e+00
4.827535747863272775e+00 4.836347093554707044e+00 4.831941420708989909e+00 5.808328064545101910e+01 1.000000000000000000e+00
4.836347093554707044e+00 4.845158439246141313e+00 4.840752766400424179e+00 5.971418338472459908e+01 1.000000000000000000e+00
4.845158439246141313e+00 4.853969784937575582e+00 4.849564112091858448e+00 6.157977100705133466e+01 1.000000000000000000e+00
4.853969784937575582e+00 4.862781130629009851e+00 4.858375457783292717e+00 6.000552957187514380e+01 1.000000000000000000e+00
4.862781130629009851e+00 4.871592476320444121e+00 4.867186803474726986e+00 5.727318595817150992e+01 1.000000000000000000e+00
4.871592476320444121e+00 4.880403822011877502e+00 4.875998149166160367e+00 5.564218337222894206e+01 1.000000000000000000e+00
4.880403822011877502e+00 4.889215167703311771e+00 4.884809494857594636e+00 5.467710896084609118e+01 1.000000000000000000e+00
4.889215167703311771e+00 4.898026513394746040e+00 4.893620840549028905e+00 5.625394080478076120e+01 1.000000000000000000e+00
4.898026513394746040e+00 4.906837859086180309e+00 4.902432186240463174e+00 5.787277373652829482e+01 1.000000000000000000e+00
4.906837859086180309e+00 4.915649204777614578e+00 4.911243531931897444e+00 5.944203985907077481e+01 1.000000000000000000e+00
4.915649204777614578e+00 4.924460550469048847e+00 4.920054877623331713e+00 5.933596962224952875e+01 1.000000000000000000e+00
4.924460550469048847e+00 4.933271896160482228e+00 4.928866223314765982e+00 5.809576213636173492e+01 1.000000000000000000e+00
4.933271896160482228e+00 4.942083241851916497e+00 4.937677569006199363e+00 4.033965678925660825e+01 2.000000000000000000e+00
4.942083241851916497e+00 4.950894587543350767e+00 4.946488914697633632e+00 5.816956226806732388e+01 1.000000000000000000e+00
4.950894587543350767e+00 4.959705933234785036e+00 4.955300260389067901e+00 5.940897277965108714e+01 1.000000000000000000e+00
4.959705933234785036e+00 4.968517278926219305e+00 4.964111606080502170e+00 5.957768369510736051e+01 1.000000000000000000e+00
4.968517278926219305e+00 4.977328624617653574e+00 4.972922951771936440e+00 5.973355790913316810e+01 1.000000000000000000e+00
4.977328624617653574e+00 4.986139970309087843e+00 4.981734297463370709e+00 5.988808221755880368e+01 1.000000000000000000e+00
4.986139970309087843e+00 4.994951316000522112e+00 4.990545643154804978e+00 6.083312086891073278e+01 1.000000000000000000e+00
4.994951316000522112e+00 5.003762661691956382e+00 4.999356988846239247e+00 6.245023986688698869e+01 1.000000000000000000e+00
5.003762661691956382e+00 5.012574007383390651e+00 5.008168334537673516e+00 6.360224746059951428e+01 1.000000000000000000e+00
5.012574007383390651e+00 5.021385353074824032e+00 5.016979680229106897e+00 4.574890586062407749e+01 2.000000000000000000e+00
5.021385353074824032e+00 5.030196698766258301e+00 5.025791025920541166e+00 6.506036200436749084e+01 1.000000000000000000e+00
5.030196698766258301e+00 5.039008044457692570e+00 5.034602371611975435e+00 6.656774263365075228e+01 1.000000000000000000e+00
5.039008044457692570e+00 5.047819390149126839e+00 5.043413717303409705e+00 6.757776904314106048e+01 1.000000000000000000e+00
5.047819390149126839e+00 5.056630735840561108e+00 5.052225062994843974e+00 6.681012690043112912e+01 1.000000000000000000e+00
5.056630735840561108e+00 5.065442081531995377e+00 5.061036408686278243e+00 6.583562072456084024e+01 1.000000000000000000e+00
5.065442081531995377e+00 5.074253427223428758e+00 5.069847754377712512e+00 6.458211815113403986e+01 1.000000000000000000e+00
5.074253427223428758e+00 5.083064772914863028e+00 5.078659100069145893e+00 6.380649345053305410e+01 1.000000000000000000e+00
5.083064772914863028e+00 5.091876118606297297e+00 5.087470445760580162e+00 6.341508385864948849e+01 1.000000000000000000e+00
5.091876118606297297e+00 5.100687464297731566e+00 5.096281791452014431e+00 4.500199316404689398e+01 2.000000000000000000e+00
5.100687464297731566e+00 5.109498809989165835e+00 5.105093137143448700e+00 6.505767191638618385e+01 1.000000000000000000e+00
5.109498809989165835e+00 5.118310155680600104e+00 5.113904482834882970e+00 6.662925800195679926e+01 1.000000000000000000e+00
5.118310155680600104e+00 5.127121501372034373e+00 5.122715828526317239e+00 7.064083573249405390e+01 1.000000000000000000e+00
5.127121501372034373e+00 5.135932847063468643e+00 5.131527174217751508e+00 7.506660342650479834e+01 1.000000000000000000e+00
5.135932847063468643e+00 5.144744192754902912e+00 5.140338519909185777e+00 7.583081947995152916e+01 1.000000000000000000e+00
5.144744192754902912e+00 5.153555538446337181e+00 5.149149865600620046e+00 7.635371708174871230e+01 1.000000000000000000e+00
5.153555538446337181e+00 5.162366884137770562e+00 5.157961211292053427e+00 5.390942652205697527e+01 2.000000000000000000e+00
5.162366884137770562e+00 5.171178229829204831e+00 5.166772556983487696e+00 7.943612728907460507e+01 1.000000000000000000e+00
5.171178229829204831e+00 5.179989575520639100e+00 5.175583902674921966e+00 8.182706463406158548e+01 1.000000000000000000e+00
5.179989575520639100e+00 5.188800921212073369e+00 5.184395248366356235e+00 8.318117769748384660e+01 1.000000000000000000e+00
5.188800921212073369e+00 5.197612266903507638e+00 5.193206594057790504e+00 8.446236940171475283e+01 1.000000000000000000e+00
5.197612266903507638e+00 5.206423612594941908e+00 5.202017939749224773e+00 8.566632788722856162e+01 1.000000000000000000e+00
5.206423612594941908e+00 5.215234958286375289e+00 5.210829285440659042e+00 6.062818641791337626e+01 2.000000000000000000e+00
5.215234958286375289e+00 5.224046303977809558e+00 5.219640631132092423e+00 8.376090520872317313e+01 1.000000000000000000e+00
5.224046303977809558e+00 5.232857649669243827e+00 5.228451976823526692e+00 8.147296737268847266e+01 1.000000000000000000e+00
5.232857649669243827e+00 5.241668995360678096e+00 5.237263322514960961e+00 8.096193238856027108e+01 1.000000000000000000e+00
5.241668995360678096e+00 5.250480341052112365e+00 5.246074668206395231e+00 8.097731102690102034e+01 1.000000000000000000e+00
5.250480341052112365e+00 5.259291686743546634e+00 5.254886013897829500e+00 8.315950055683558162e+01 1.000000000000000000e+00
5.259291686743546634e+00 5.268103032434980904e+00 5.263697359589263769e+00 6.185331755634746287e+01 2.000000000000000000e+00
5.268103032434980904e+00 5.276914378126415173e+00 5.272508705280698038e+00 9.235960075602814356e+01 1.000000000000000000e+00
5.276914378126415173e+00 5.285725723817849442e+00 5.281320050972132307e+00 9.455654378500852886e+01 1.000000000000000000e+00
5.285725723817849442e+00 5.294537069509283711e+00 5.290131396663566576e+00 9.677054012820991602e+01 1.000000000000000000e+00
