# WavelengthLower, WavelengthUpper, Wavelength, TransitDepth, TransitError
6.139474229276588035e-01 6.196515392665590261e-01 6.167994810971089148e-01 1.416866124864632729e+04 5.134790314538392408e+01
6.196515392665590261e-01 6.253556556054592486e-01 6.225035974360091373e-01 1.427879081018349279e+04 5.152331824378558878e+01
6.276373021410194264e-01 6.379047115510400046e-01 6.327710068460297155e-01 1.395897436614422986e+04 3.862413283224567095e+01
6.349711660053197759e-01 6.393714843238998968e-01 6.371713251646098364e-01 1.405354940265352525e+04 5.902760694614738668e+01
6.432828783848600906e-01 6.555059848253608212e-01 6.493944316051104559e-01 1.395127012347428172e+04 3.570558757136344497e+01
6.538762372999606942e-01 6.628398486896611708e-01 6.583580429948109325e-01 1.409750790409954971e+04 4.218954262995699622e+01
6.616175380456110755e-01 6.681365281472113615e-01 6.648770330964112185e-01 1.415571609394610095e+04 4.958409153268918601e+01
6.685439650285613933e-01 6.758778288928617428e-01 6.722108969607115680e-01 1.429326206808295683e+04 4.698529878279496330e+01
6.771001395369118381e-01 6.868786246893121561e-01 6.819893821131119971e-01 1.422771345423113416e+04 4.111213355133433822e+01
6.881009353333622514e-01 7.003240417738629819e-01 6.942124885536126166e-01 1.431159250840266213e+04 3.708813897579064189e+01
6.933976147909126642e-01 6.917678672655125371e-01 6.925827410282126007e-01 1.421981394294926577e+04 inf
6.974719836044127597e-01 7.072504687568132997e-01 7.023612261806130297e-01 1.457885065499244593e+04 4.181714074362081135e+01
7.056207212314131727e-01 7.121397113330134587e-01 7.088802162822133157e-01 1.451156071220695594e+04 5.140804458356915063e+01
7.141768957397636175e-01 7.247702546548639990e-01 7.194735751973138083e-01 1.428975126160473701e+04 4.076036299826711229e+01
7.257888468582391894e-01 7.384193901800897297e-01 7.321041185191644596e-01 1.426234929311753513e+04 3.766099292328019743e+01
7.363822057733396820e-01 7.449383802816901268e-01 7.406602930275149044e-01 1.449505822025349698e+04 4.601737028207911351e+01
7.447346618410151109e-01 7.528833994680155239e-01 7.488090306545153174e-01 1.423287832108105067e+04 4.763128732598367776e+01
7.524759625866654922e-01 7.598098264509658417e-01 7.561428945188156669e-01 1.441589029148728150e+04 5.058412894993307418e+01
7.606247002136659052e-01 7.695883116033661597e-01 7.651065059085160325e-01 1.429328543674104731e+04 4.611077177114790260e+01
7.691808747220162390e-01 7.773296123490166520e-01 7.732552435355164455e-01 1.418209043749609191e+04 4.876706780380776962e+01
7.773296123490166520e-01 7.854783499760170651e-01 7.814039811625168586e-01 1.414648006458846612e+04 4.916165682931359981e+01
7.854783499760170651e-01 7.936270876030174781e-01 7.895527187895172716e-01 1.445395015415344278e+04 4.956341759225932719e+01
7.936270876030173671e-01 8.017758252300177801e-01 7.977014564165175736e-01 1.452452696361240487e+04 4.997220556256070978e+01
8.021832621113678119e-01 8.111468735010682884e-01 8.066650678062180502e-01 1.408421319322204181e+04 4.806141426960714824e+01
8.127766210264684155e-01 8.249997274669689240e-01 8.188881742467186697e-01 1.417582039835139767e+04 4.175844910348534000e+01
8.258146012296689875e-01 8.396674551955696231e-01 8.327410282126193053e-01 1.425397426898468439e+04 3.976385072602304405e+01
8.347782126193694641e-01 8.388525814328695596e-01 8.368153970261195118e-01 1.419863025438955810e+04 7.323699054571652312e+01
8.392600183142195913e-01 8.441492608904199724e-01 8.417046396023197818e-01 1.442868430722753874e+04 6.771242161148248329e+01
8.465938821785199409e-01 8.563723673309204809e-01 8.514831247547202109e-01 1.421092736158068146e+04 4.819140801372526539e+01
8.571872410936205444e-01 8.685954737714209895e-01 8.628913574325207669e-01 1.413835052545498183e+04 4.528283073170529605e+01
8.681880368900709577e-01 8.787813958051715613e-01 8.734847163476212595e-01 1.414622993339630375e+04 4.738003209011415606e+01
8.763367745170713707e-01 8.820408908559718153e-01 8.791888326865215930e-01 1.391327903246086498e+04 6.515953949852482197e+01
8.844855121440717838e-01 8.950788710591723873e-01 8.897821916016220856e-01 1.402776879612022094e+04 4.821619948537785660e+01
8.950788710591723873e-01 9.056722299742727689e-01 9.003755505167225781e-01 1.416465741856002933e+04 4.894243501775311955e+01
9.052647930929227371e-01 9.150432782453232772e-01 9.101540356691230071e-01 1.424757980353800485e+04 5.151247422581715796e+01
9.154507151266733089e-01 9.260440740417739125e-01 9.207473945842236107e-01 1.431397654428089663e+04 5.003385627048832873e+01
9.260440740417739125e-01 9.366374329568742940e-01 9.313407534993241033e-01 1.419809450626516991e+04 5.061156125547445583e+01
9.362299960755242623e-01 9.460084812279248023e-01 9.411192386517245323e-01 1.439586865272645264e+04 5.307213070528867149e+01
9.464159181092748341e-01 9.570092770243752156e-01 9.517125975668250248e-01 1.430886086373532089e+04 5.156806316812202340e+01
9.570092770243752156e-01 9.676026359394758192e-01 9.623059564819255174e-01 1.426231850274673525e+04 5.235361460091078811e+01
9.680100728208258509e-01 9.794183054986262960e-01 9.737141891597260734e-01 1.419443428200339804e+04 5.088863433280981496e+01
9.794183054986262960e-01 9.908265381764269630e-01 9.851224218375266295e-01 1.432233267874845660e+04 5.169857914173948643e+01
9.908265381764269630e-01 1.002234770854227408e+00 9.965306545153271855e-01 1.414899868662718836e+04 5.234770602374729265e+01
1.003864518379627535e+00 1.018532246108228234e+00 1.011198382243927885e+00 1.423575754433200200e+04 4.684649215576745007e+01
1.018735964548903361e+00 1.033811129158854314e+00 1.026273546853878837e+00 1.424599592782293257e+04 4.703171093142086789e+01
1.028514449701303901e+00 1.032996255396154028e+00 1.030755352548728965e+00 1.435516218134322662e+04 8.650535568151103405e+01
1.036866905768979219e+00 1.049090012209479728e+00 1.042978458989229473e+00 1.426217223225720045e+04 5.319167059762215644e+01
1.047867701565429632e+00 1.057646186717829950e+00 1.052756944141629791e+00 1.429622577650773019e+04 6.020234386406655602e+01
1.060498244887280173e+00 1.075980846378580935e+00 1.068239545632930554e+00 1.420821101079521395e+04 4.852158158776782670e+01
1.074351098853180808e+00 1.086574205293681317e+00 1.080462652073431062e+00 1.421127442942862763e+04 5.524664217928948062e+01
1.084944457768281412e+00 1.093908069157982110e+00 1.089426263463131761e+00 1.426663910797604876e+04 6.522196998773002008e+01
1.096760127327432111e+00 1.111427855056032810e+00 1.104093991191732460e+00 1.438064865357986491e+04 5.198506044762819300e+01
1.110205544411982714e+00 1.122428650852483223e+00 1.116317097632232969e+00 1.438438663567449476e+04 5.761819705420450788e+01
1.121206340208433128e+00 1.130984825360833446e+00 1.126095582784633287e+00 1.435466949213513544e+04 6.495849899996822785e+01
1.132207136004883763e+00 1.144430242445384716e+00 1.138318689225134239e+00 1.440121920992349078e+04 5.900739051565499693e+01
1.144837679326734525e+00 1.157875659529935097e+00 1.151356669428334811e+00 1.443085153388903746e+04 5.792206615041785511e+01
1.157468222648585066e+00 1.169691329089085574e+00 1.163579775868835320e+00 1.433630226781658166e+04 6.063295841958824894e+01
1.170506202851785638e+00 1.184359056817686273e+00 1.177432629834735955e+00 1.437176171814070221e+04 5.776505123919584861e+01
1.183951619936336241e+00 1.196989600139536813e+00 1.190470610037936527e+00 1.424266632679785835e+04 6.040070771776098013e+01
1.196989600139536813e+00 1.210027580342737386e+00 1.203508590241137099e+00 1.418159709915861094e+04 6.124482497979542472e+01
1.211657327868137513e+00 1.227954803122138339e+00 1.219806065495137926e+00 1.415215738958702968e+04 5.579754911317619559e+01
1.226325055596738212e+00 1.239363035799938784e+00 1.232844045698338498e+00 1.416360582894592335e+04 6.317891511089570145e+01
1.238140725155888910e+00 1.248734084070989736e+00 1.243437404613439323e+00 1.430938947143640326e+04 7.097200174726094701e+01
1.250363831596389641e+00 1.264216685562290277e+00 1.257290258579339959e+00 1.428057894528040015e+04 6.286691075976346355e+01
1.264624122443640308e+00 1.279291850172241007e+00 1.271957986307940658e+00 1.419240380526702575e+04 6.201894255680599599e+01
1.278884413290890976e+00 1.292737267256791611e+00 1.285810840273841293e+00 1.414824591290960052e+04 6.476584173937703781e+01
1.293144704138141643e+00 1.307812431866742342e+00 1.300478568002441992e+00 1.418093704275576602e+04 6.388377803424663881e+01
1.307812431866742342e+00 1.322480159595343041e+00 1.315146295731042692e+00 1.424072802643506839e+04 6.485818818084848658e+01
1.322072722713993009e+00 1.335925576679893645e+00 1.328999149696943327e+00 1.429229529804266349e+04 6.771241316277560429e+01
1.336333013561243677e+00 1.351000741289844376e+00 1.343666877425544026e+00 1.404612985370955721e+04 6.678141051608362488e+01
1.351000741289844376e+00 1.365668469018445075e+00 1.358334605154144725e+00 1.435117912339745271e+04 6.795668901987366439e+01
1.366075905899795107e+00 1.381558507391095869e+00 1.373817206645445488e+00 1.447973065249851425e+04 6.700000000000000000e+01
1.381558507391095869e+00 1.397041108882396632e+00 1.389299808136746250e+00 1.443531321657275294e+04 6.821596171495305327e+01
1.396633672001046600e+00 1.411301399729647299e+00 1.403967535865346949e+00 1.450734061384508095e+04 7.097007150712890677e+01
1.412297356550725080e+00 1.428956997921481342e+00 1.420627177236103211e+00 1.445613103657399188e+04 6.764793570659398370e+01
1.429952954742559124e+00 1.448604509755470948e+00 1.439278732249015036e+00 1.447011347599988221e+04 6.521077637534425264e+01
1.446069346938182232e+00 1.459650576316516624e+00 1.452859961627349428e+00 1.448488904575804554e+04 7.751389562461491778e+01
1.459378951728949714e+00 1.472416931932150286e+00 1.465897941830550000e+00 1.439225862780428361e+04 8.007617902307184465e+01
1.474046679457550413e+00 1.490344154711551239e+00 1.482195417084550826e+00 1.431384812484962640e+04 7.285111604683078212e+01
1.490344154711551239e+00 1.506641629965552065e+00 1.498492892338551652e+00 1.422161116585765376e+04 7.383960454541767149e+01
1.506641629965551843e+00 1.522939105219552225e+00 1.514790367592552034e+00 1.432607858808989658e+04 7.517945171263953341e+01
1.523346542100902479e+00 1.540458891117603368e+00 1.531902716609252924e+00 1.437977684330130069e+04 7.455434196383633605e+01
1.540639974175981086e+00 1.558114489309437412e+00 1.549377231742709249e+00 1.414593979660016703e+04 7.498668360989981352e+01
1.557344886311331944e+00 1.573280195448577334e+00 1.565312540879954639e+00 1.416458211955062325e+04 7.961998871406353828e+01
1.573868715388305084e+00 1.590981064405005974e+00 1.582424889896655529e+00 1.408536204405663011e+04 7.820325471917924176e+01
1.590981064405005974e+00 1.608093413421706863e+00 1.599537238913356418e+00 1.407393769133227579e+04 7.928887225320400489e+01
1.609213864845419284e+00 1.628567116709545015e+00 1.618890490777482150e+00 1.412119831399247050e+04 7.605244187611101836e+01
1.627141087624820015e+00 1.643642281319495746e+00 1.635391684472157880e+00 1.411509941879535290e+04 8.361928251649938204e+01
1.643540422099158294e+00 1.659837897353159120e+00 1.651689159726158707e+00 1.391538480820664336e+04 8.546037845054719639e+01
1.660652771115859183e+00 1.678579993895260136e+00 1.669616382505559660e+00 1.398905926312147494e+04 8.259876575426494583e+01
1.678987430776610168e+00 1.697729527318711185e+00 1.688358479047660676e+00 1.394237138896097895e+04 8.231052749559650294e+01
1.697729527318711185e+00 1.716471623860812201e+00 1.707100575589761693e+00 1.388623543650831562e+04 8.354092859810528182e+01
1.716064186979461947e+00 1.733991409758862456e+00 1.725027798369162202e+00 1.412066548695034362e+04 8.681084863319352962e+01
1.734398846640212710e+00 1.753140943182313727e+00 1.743769894911263219e+00 1.419541998498427347e+04 8.647814780934878343e+01
1.753140943182313727e+00 1.771883039724414743e+00 1.762511991453364235e+00 1.409250452293869239e+04 8.774081225545086227e+01
1.771883039724414743e+00 1.790625136266515760e+00 1.781254087995465252e+00 1.398864425306389239e+04 8.936784801933661981e+01
1.790625136266515538e+00 1.809367232808616111e+00 1.799996184537565824e+00 1.407374554903241369e+04 9.083031998173909471e+01
1.810182106571316396e+00 1.830553950638817540e+00 1.820368028605066968e+00 1.400204877499678332e+04 8.861947253676805758e+01
1.829739076876117476e+00 1.848481173418218493e+00 1.839110125147167984e+00 1.437280465269625529e+04 9.392787310694703251e+01
1.848888610299568303e+00 1.868445580604368939e+00 1.858667095451968621e+00 1.418966967227035093e+04 9.346753412481480439e+01
1.868853017485719192e+00 1.889224861553220336e+00 1.879038939519469764e+00 1.436574299042342500e+04 9.297180607468222036e+01
1.889224861553220336e+00 1.909596705620721480e+00 1.899410783586970908e+00 1.428114152408630071e+04 9.474564637129689970e+01
1.909596705620721258e+00 1.929968549688221957e+00 1.919782627654471607e+00 1.429558357116314983e+04 9.636116012216143645e+01
1.930375986569572211e+00 1.951562704399773418e+00 1.940969345484672814e+00 1.447084731677688796e+04 9.613050847510179153e+01
1.951155267518423386e+00 1.971527111585924530e+00 1.961341189552173958e+00 1.425270532921268386e+04 9.951928801546964110e+01
1.971934548467274340e+00 1.993121266297475103e+00 1.982527907382374721e+00 1.448933549553870944e+04 9.944067931920044145e+01
1.993121266297475325e+00 2.014307984127676754e+00 2.003714625212575928e+00 1.416368978301388051e+04 1.011526223637556257e+02
2.014307984127676310e+00 2.035494701957877073e+00 2.024901343042776691e+00 1.412766223628403168e+04 1.028807913134413354e+02
2.035902138839227327e+00 2.057903730432128597e+00 2.046902934635677962e+00 1.395604021474441106e+04 1.027128107615729959e+02
2.057903730432128597e+00 2.079905322025028980e+00 2.068904526228578789e+00 1.360356814823669447e+04 1.045082103198763548e+02
2.079905322025029424e+00 2.101906913617930694e+00 2.090906117821480059e+00 1.373665817366612464e+04 1.063207452322933193e+02
2.101906913617930250e+00 2.123908505210831521e+00 2.112907709414380886e+00 1.357980741599303656e+04 1.083316914804092050e+02
2.124315942092181331e+00 2.147132407447783109e+00 2.135724174769982220e+00 1.392169694240884201e+04 1.082347253159985172e+02
2.147132407447782665e+00 2.169948872803383555e+00 2.158540640125583110e+00 1.419002972270612736e+04 1.099533196093195357e+02
2.169948872803383999e+00 2.192765338158984889e+00 2.181357105481184444e+00 1.400577650871526384e+04 1.118706643918752235e+02
2.192765338158984889e+00 2.215581803514585779e+00 2.204173570836785334e+00 1.376197735739035852e+04 1.139899032557843555e+02
2.216396677277286287e+00 2.240842890158287304e+00 2.228619783717786795e+00 1.401242186267172838e+04 1.119276499438170447e+02
2.240435453276937494e+00 2.264066792395238004e+00 2.252251122836087749e+00 1.382606860691137808e+04 1.158644031701336701e+02
2.264066792395238004e+00 2.287698131513539401e+00 2.275882461954388702e+00 1.424858638684763901e+04 1.180753816418323652e+02
2.288105568394889211e+00 2.312551781275891116e+00 2.300328674835390164e+00 1.447377456576751138e+04 1.181477435091016019e+02
2.312551781275890672e+00 2.336997994156891689e+00 2.324774887716391181e+00 1.448621967445987866e+04 1.200654172073707855e+02
2.337405431038241943e+00 2.362666517681942580e+00 2.350035974360092261e+00 1.419348882504478934e+04 1.204245254131471086e+02
2.362666517681943024e+00 2.387927604325644548e+00 2.375297061003793786e+00 1.465065886290693743e+04 1.224212460716914990e+02
2.387520167444294295e+00 2.411966380325295312e+00 2.399743273884794803e+00 1.430343176188192047e+04 1.266229782454960997e+02
2.411966380325295312e+00 2.436412593206296329e+00 2.424189486765795820e+00 1.417705925195963391e+04 1.289996849766785374e+02
2.437634903850346646e+00 2.464525738019448298e+00 2.451080320934897472e+00 1.469139562699509770e+04 1.252390780515852100e+02
2.464118301138098044e+00 2.490194261544499188e+00 2.477156281341298616e+00 1.431432036648188659e+04 1.294953529161123527e+02
2.503232241747699760e+00 2.555384162560502048e+00 2.529308202154100904e+00 1.464400269012728313e+04 9.478474385051229945e+01
2.570051890289103191e+00 2.651539266559106878e+00 2.610795578424105035e+00 1.469999648324322334e+04 8.006825428847768933e+01
2.624240995508655416e+00 2.651131829677757068e+00 2.637686412593206242e+00 1.442716967198088423e+04 1.418891928478204250e+02
2.651946703440456687e+00 2.680467285134958466e+00 2.666206994287707577e+00 1.399583952780312393e+04 1.402973475827954530e+02
2.680467285134958466e+00 2.708987866829459357e+00 2.694727575982208911e+00 1.411890418253494863e+04 1.428884407451093921e+02
2.708580429948109547e+00 2.736286137879911706e+00 2.722433283914010627e+00 1.414479492468833087e+04 1.477746746491417582e+02
2.737101011642611326e+00 2.766436467099812724e+00 2.751768739371212025e+00 1.452150288615422687e+04 1.460483508671074731e+02
2.766436467099812724e+00 2.795771922557014122e+00 2.781104194828413423e+00 1.380923917012110542e+04 1.487527702646677312e+02
