2.412499999999999645e+00 7.500000000000062172e-03 2.033080090713127244e-02 2.776836080245412286e-04
2.427500000000000213e+00 7.500000000000062172e-03 2.121180255165268022e-02 1.872852301477608006e-04
2.442499999999999893e+00 7.500000000000062172e-03 2.099802418746481852e-02 1.566021383499656416e-04
2.457500000000000018e+00 7.499999999999840128e-03 2.124475439509755301e-02 1.592094476940246472e-04
2.472500000000000142e+00 7.500000000000062172e-03 2.147711688080322298e-02 1.566019315467591377e-04
2.487499999999999822e+00 7.500000000000062172e-03 2.127918075898056066e-02 1.430040481925597129e-04
2.502499999999999947e+00 7.499999999999840128e-03 2.144690902757455386e-02 1.498087518857146860e-04
2.517500000000000071e+00 7.500000000000062172e-03 2.130102369256983014e-02 1.630934105411319113e-04
2.532499999999999751e+00 7.500000000000062172e-03 2.130608311997773952e-02 1.469834222143223679e-04
2.547500000000000320e+00 7.500000000000062172e-03 2.141968006973176547e-02 1.373048553238824521e-04
2.562500000000000000e+00 7.499999999999840128e-03 2.154661097558108543e-02 1.579819584896433038e-04
2.577499999999999680e+00 7.500000000000062172e-03 2.136631699310235014e-02 1.373568077400397214e-04
2.592500000000000249e+00 7.500000000000062172e-03 2.127544603782080546e-02 1.502366680375469277e-04
2.607499999999999929e+00 7.500000000000062172e-03 2.130983774729288543e-02 1.493748745116096899e-04
2.622500000000000053e+00 7.499999999999840128e-03 2.136901314747948616e-02 1.360867551255424968e-04
2.637500000000000178e+00 7.500000000000062172e-03 2.146348043368604894e-02 1.330911914318999578e-04
2.652499999999999858e+00 7.500000000000062172e-03 2.157176893919251354e-02 1.334453845953202655e-04
2.667499999999999982e+00 7.499999999999840128e-03 2.177362549736291952e-02 1.369334701539319521e-04
2.682500000000000107e+00 7.500000000000062172e-03 2.174940438699110579e-02 1.460544233448206330e-04
2.697499999999999787e+00 7.500000000000062172e-03 2.163144906989828212e-02 1.228570533002987242e-04
2.712500000000000355e+00 7.500000000000062172e-03 2.182773417167614347e-02 1.803754653184538870e-04
2.727500000000000036e+00 7.499999999999840128e-03 2.152493971354798100e-02 1.350341536191304592e-04
2.742499999999999716e+00 7.500000000000062172e-03 2.163958242532720150e-02 1.433731839460931912e-04
2.757500000000000284e+00 7.500000000000062172e-03 2.174645815998265189e-02 1.399268007444172401e-04
2.772499999999999964e+00 7.499999999999840128e-03 2.171840978838934094e-02 1.327809725816461728e-04
2.787499999999999645e+00 7.500000000000062172e-03 2.153841891945281611e-02 1.336136450315709989e-04
2.802500000000000213e+00 7.500000000000062172e-03 2.193741732314524392e-02 1.311981231705040829e-04
2.817499999999999893e+00 7.500000000000062172e-03 2.168559821089055539e-02 1.303620271745839498e-04
2.832500000000000018e+00 7.499999999999840128e-03 2.141311810645711924e-02 1.419464843205250904e-04
2.847500000000000142e+00 7.500000000000062172e-03 2.156554912377665889e-02 2.065163195536200147e-04
2.862499999999999822e+00 7.500000000000062172e-03 2.156881292255046975e-02 1.244343375018074072e-04
2.877499999999999947e+00 7.499999999999840128e-03 2.144332704027877498e-02 1.317309061523407043e-04
2.892500000000000071e+00 7.500000000000062172e-03 2.174517168500236450e-02 2.002342532086767712e-04
2.907499999999999751e+00 7.500000000000062172e-03 2.169162590331267723e-02 1.377994215081175533e-04
2.922500000000000320e+00 7.500000000000062172e-03 2.150245658923269007e-02 1.206128691977927103e-04
2.937500000000000000e+00 7.499999999999840128e-03 2.164693606192090100e-02 1.408248405755409272e-04
2.952499999999999680e+00 7.500000000000062172e-03 2.164831819436559973e-02 1.367295275032098800e-04
2.967500000000000249e+00 7.500000000000062172e-03 2.165029046736007684e-02 1.439328035831022312e-04
2.982499999999999929e+00 7.500000000000062172e-03 2.154308589708937502e-02 1.320256248991159842e-04
2.997500000000000053e+00 7.499999999999840128e-03 2.144552786364098060e-02 1.450472915170523958e-04
3.012500000000000178e+00 7.500000000000062172e-03 2.125149096936981147e-02 1.374646983177095494e-04
3.027499999999999858e+00 7.500000000000062172e-03 2.143935705402466932e-02 1.288826759807196187e-04
3.042499999999999982e+00 7.499999999999840128e-03 2.121240437211947480e-02 1.285580611373147997e-04
3.057500000000000107e+00 7.500000000000062172e-03 2.134796617109176523e-02 1.396451440903896668e-04
3.072499999999999787e+00 7.500000000000062172e-03 2.119988042263909814e-02 1.248538663592355102e-04
3.087500000000000355e+00 7.500000000000062172e-03 2.145599628911093459e-02 1.247112604235607602e-04
3.102500000000000036e+00 7.499999999999840128e-03 2.127786670761711713e-02 1.221976644766968600e-04
3.117499999999999716e+00 7.500000000000062172e-03 2.143216864110739778e-02 1.427833731145293494e-04
3.132500000000000284e+00 7.500000000000062172e-03 2.138230284911629350e-02 2.025631085708981538e-04
3.147499999999999964e+00 7.499999999999840128e-03 2.138322663157575867e-02 1.240872468399357997e-04
3.162499999999999645e+00 7.500000000000062172e-03 2.102601013616819600e-02 1.277439042224118304e-04
3.177500000000000213e+00 7.500000000000062172e-03 2.108347714727997618e-02 1.257706005204674293e-04
3.192499999999999893e+00 7.500000000000062172e-03 2.116869173817843841e-02 1.315696415859629598e-04
3.207500000000000018e+00 7.499999999999840128e-03 2.122331360870688063e-02 1.240221761326862349e-04
3.222500000000000142e+00 7.500000000000062172e-03 2.119511335991079021e-02 1.323020967462958108e-04
3.237499999999999822e+00 7.500000000000062172e-03 2.108541529785247504e-02 1.394712119101963743e-04
3.252499999999999947e+00 7.499999999999840128e-03 2.101042455850991170e-02 1.310323830284107482e-04
3.267500000000000071e+00 7.500000000000062172e-03 2.091944489703467802e-02 1.339136865536327825e-04
3.282499999999999751e+00 7.500000000000062172e-03 2.109328963175020888e-02 1.281797623409637599e-04
3.297500000000000320e+00 7.500000000000062172e-03 2.084347162189768149e-02 1.300800965565347689e-04
3.312500000000000000e+00 7.499999999999840128e-03 2.090897230678739546e-02 1.249487525439470226e-04
3.327499999999999680e+00 7.500000000000062172e-03 2.127356981833908312e-02 1.255605052342713412e-04
3.342500000000000249e+00 7.500000000000062172e-03 2.105057397466400526e-02 1.313888598952379916e-04
3.357499999999999929e+00 7.500000000000062172e-03 2.114943772582934811e-02 1.143567615067564436e-04
3.372500000000000053e+00 7.499999999999840128e-03 2.124359660109751552e-02 1.683803981742150457e-04
3.387500000000000178e+00 7.500000000000062172e-03 2.092621629544256373e-02 1.520016088526962572e-04
3.402499999999999858e+00 7.500000000000062172e-03 2.115685287355971445e-02 1.307819191217612920e-04
3.417499999999999982e+00 7.499999999999840128e-03 2.090610110055519250e-02 1.358284601360344734e-04
3.432500000000000107e+00 7.500000000000062172e-03 2.116799330501899570e-02 1.290112821960252842e-04
3.447499999999999787e+00 7.500000000000062172e-03 2.123192788376713699e-02 1.274161324858053002e-04
3.462500000000000355e+00 7.500000000000062172e-03 2.109031577387943460e-02 1.412341035479901252e-04
3.477500000000000036e+00 7.499999999999840128e-03 2.086971823032979234e-02 1.336900279279504278e-04
3.492499999999999716e+00 7.500000000000062172e-03 2.076833357082416218e-02 1.217092392873687923e-04
3.507500000000000284e+00 7.500000000000062172e-03 2.088111265978820699e-02 1.277814054376560926e-04
3.522499999999999964e+00 7.499999999999840128e-03 2.101924630607660688e-02 1.206620027742223711e-04
3.537499999999999645e+00 7.500000000000062172e-03 2.098561515305332262e-02 1.376110986875747622e-04
3.552500000000000213e+00 7.500000000000062172e-03 2.111857125734321883e-02 1.400181221756328920e-04
3.567499999999999893e+00 7.500000000000062172e-03 2.094584962003192066e-02 1.317048583095274672e-04
3.582500000000000018e+00 7.499999999999840128e-03 2.105065641561205264e-02 1.254718143538675890e-04
3.597500000000000142e+00 7.500000000000062172e-03 2.084103581980338918e-02 1.290360835773073089e-04
3.612499999999999822e+00 7.500000000000062172e-03 2.102179469373205781e-02 1.376726486220988810e-04
3.627499999999999947e+00 7.499999999999840128e-03 2.086821100416509298e-02 1.317849369866924691e-04
3.642500000000000071e+00 7.500000000000062172e-03 2.065271454890806394e-02 1.356319922032993286e-04
3.657499999999999751e+00 7.500000000000062172e-03 2.084267916843518531e-02 1.341624303087991799e-04
3.672500000000000320e+00 7.500000000000062172e-03 2.107815071064218782e-02 1.251605001058066213e-04
3.687500000000000000e+00 7.499999999999840128e-03 2.147018040036672432e-02 1.801716600389191569e-04
3.702499999999999680e+00 7.500000000000062172e-03 2.085707812370674388e-02 1.423758059169930035e-04
3.717500000000000249e+00 7.500000000000062172e-03 2.062771915692719962e-02 1.324914369170843154e-04
3.732499999999999929e+00 7.500000000000062172e-03 2.090326616052121111e-02 1.451641217128270267e-04
3.747500000000000053e+00 7.499999999999840128e-03 2.084761017300801322e-02 1.331969107125595408e-04
3.762500000000000178e+00 7.500000000000062172e-03 2.103233901859659707e-02 1.375047167150346417e-04
3.777499999999999858e+00 7.500000000000062172e-03 2.092575460571438964e-02 1.353434973477320169e-04
3.792499999999999982e+00 7.499999999999840128e-03 2.090130066983583723e-02 1.412491318152492292e-04
3.807500000000000107e+00 7.500000000000062172e-03 2.045415435916299665e-02 1.459148080745799325e-04
3.822499999999999787e+00 7.500000000000062172e-03 2.081685896959596313e-02 1.498891631855556184e-04
3.837500000000000355e+00 7.500000000000062172e-03 2.098586810680438605e-02 1.511363499370962926e-04
3.852500000000000036e+00 7.499999999999840128e-03 2.118229587545984033e-02 2.149393852364997470e-04
3.867499999999999716e+00 7.500000000000062172e-03 2.082232731262868841e-02 1.838190175233803125e-04
3.882500000000000284e+00 7.500000000000062172e-03 2.077255462516743728e-02 2.020011259288891081e-04
3.897499999999999964e+00 7.499999999999840128e-03 2.064848864943268428e-02 1.580220272807825177e-04
3.912499999999999645e+00 7.500000000000062172e-03 2.074589315487119362e-02 1.420034927638279265e-04
3.927500000000000213e+00 7.500000000000062172e-03 2.089013289439820703e-02 1.348439584648933320e-04
3.942499999999999893e+00 7.500000000000062172e-03 2.100183257760429578e-02 1.659607225961146071e-04
3.957500000000000018e+00 7.499999999999840128e-03 2.085138273956664567e-02 1.487406036633984185e-04
3.972500000000000142e+00 7.500000000000062172e-03 2.090793508788868840e-02 1.642256564829552845e-04
3.987499999999999822e+00 7.500000000000062172e-03 2.096924726826041377e-02 2.008674898851849078e-04
4.002499999999999503e+00 7.499999999999840128e-03 2.083510703956294174e-02 2.520584425225388947e-04
4.017500000000000071e+00 7.500000000000284217e-03 2.089221259018103974e-02 3.267440783770829416e-04
4.032500000000000639e+00 7.499999999999840128e-03 2.141705598505389690e-02 4.270424492937956173e-04
4.047499999999999432e+00 7.499999999999840128e-03 2.154888448962294714e-02 5.985709481970934165e-04
