2.762926619342212842e+00 3.438000000000052125e-03 2.225567822416737659e-02 3.065063970468808428e-04
2.769715119324037023e+00 3.438000000000052125e-03 2.196932329901189057e-02 2.686023602804758098e-04
2.776503356597116223e+00 3.437999999999830081e-03 2.249129212900078875e-02 2.395604465027687490e-04
2.783350160008498442e+00 3.438000000000052125e-03 2.243736827770827225e-02 2.534691407970145454e-04
2.790477266486684371e+00 3.438000000000052125e-03 2.222145391297002462e-02 2.020883912782797220e-04
2.797604071059502928e+00 3.438000000000052125e-03 2.243183858719515963e-02 2.024742044132762768e-04
2.804391220683940311e+00 3.438000000000052125e-03 2.227435374285573200e-02 2.016055978164724778e-04
2.811178090186041700e+00 3.437999999999830081e-03 2.192310700813526400e-02 1.830167720402057021e-04
2.817964676231226484e+00 3.438000000000052125e-03 2.217017563510660302e-02 1.681212789147030725e-04
2.824750975506720163e+00 3.438000000000052125e-03 2.231083667717488617e-02 1.783242411752568714e-04
2.831536984721445549e+00 3.438000000000052125e-03 2.221332303805914621e-02 1.596328678816611422e-04
2.838322700605878879e+00 3.437999999999830081e-03 2.246834557249301201e-02 1.627548543645615541e-04
2.845506433898623566e+00 3.438000000000052125e-03 2.214586232446641087e-02 1.776183828477193396e-04
2.852630811305836289e+00 3.438000000000052125e-03 2.215977367017719912e-02 1.507266394285312081e-04
2.859415622082917885e+00 3.438000000000052125e-03 2.203450115718541200e-02 1.509522638043312587e-04
2.864504029536946828e+00 1.719000000000026063e-03 2.219853257147351433e-02 1.954550098422021720e-04
2.869592262436238883e+00 3.392499999999909477e-03 2.222233704148851921e-02 1.599574357130884256e-04
2.876376300860540525e+00 3.392499999999909477e-03 2.198839305517962667e-02 1.388984406879751905e-04
2.883160024847239988e+00 3.392500000000131521e-03 2.207925708753411681e-02 1.879647525354991304e-04
2.889943431286290831e+00 3.391999999999839588e-03 2.212196294162519991e-02 1.386346369207051973e-04
2.896726517088004549e+00 3.392000000000061632e-03 2.212370125221782904e-02 1.471481678322456813e-04
2.903509279182923120e+00 3.391499999999991743e-03 2.222637820265938383e-02 1.539907216318226922e-04
2.910350987712293502e+00 3.391499999999991743e-03 2.233271794644153818e-02 1.583304715144839077e-04
2.917133117522442198e+00 3.391499999999991743e-03 2.168494296914843730e-02 1.540283380367324048e-04
2.923914914480153726e+00 3.391499999999991743e-03 2.180950122484031847e-02 1.419477389254746155e-04
2.930696375595693848e+00 3.391000000000143899e-03 2.181819172702894119e-02 1.583299500488612448e-04
2.937477497898844270e+00 3.390999999999921855e-03 2.186781967282202394e-02 1.636742440911223876e-04
2.944258278438751653e+00 3.390999999999921855e-03 2.182155909963559223e-02 1.362424200135329742e-04
2.951038714283773956e+00 3.390500000000074010e-03 2.193873668165532975e-02 1.847622804840391155e-04
2.957818802521375190e+00 3.390500000000074010e-03 2.198901925568078758e-02 1.410560345117150183e-04
2.964598540257961545e+00 3.390499999999851966e-03 2.189389463463286764e-02 1.459537375799329381e-04
2.971377924618710864e+00 3.390000000000004121e-03 2.190162621854317357e-02 1.306422399634772169e-04
2.978216453884817039e+00 3.390000000000004121e-03 2.171055973892625432e-02 1.218019041954716104e-04
2.984995146632112295e+00 3.390000000000004121e-03 2.143956025942979002e-02 1.561633488681876908e-04
2.991773477436209472e+00 3.389500000000156277e-03 2.169587655381544425e-02 1.417479966613758354e-04
2.998551443496332958e+00 3.389499999999934232e-03 2.172155549102737851e-02 1.374453380148267501e-04
3.005329042029781128e+00 3.389000000000086388e-03 2.193941146944811474e-02 1.331431297678175403e-04
3.012106270271808661e+00 3.389499999999934232e-03 2.179228144332515105e-02 1.410047492433257413e-04
3.018883125475429807e+00 3.388500000000016499e-03 2.172531977616686677e-02 1.646661923620468628e-04
3.025659604911310474e+00 3.388999999999864343e-03 2.161321639016984542e-02 1.336560644415727740e-04
3.032435705867603026e+00 3.388500000000016499e-03 2.156803371611622569e-02 1.302888015614181211e-04
3.039211425649822829e+00 3.388000000000168654e-03 2.163733265320864560e-02 1.317140221656888058e-04
3.045986761580671498e+00 3.388499999999794454e-03 2.173036577931021160e-02 1.345158046351805151e-04
3.052821457567344687e+00 3.388000000000168654e-03 2.195777579164631677e-02 1.448449121952604735e-04
3.059596040928110661e+00 3.387499999999876721e-03 2.152147317442514377e-02 1.273853394669956793e-04
3.066370232456261391e+00 3.387500000000098765e-03 2.170704542325383249e-02 1.366783867556359484e-04
3.073144029542132394e+00 3.387499999999876721e-03 2.149802393753082880e-02 3.227869164425252566e-04
3.079917429592514910e+00 3.387000000000028876e-03 2.177204322603657968e-02 1.297174308381336206e-04
3.086690430030526233e+00 3.387000000000028876e-03 2.170845351261523060e-02 1.302764558333050187e-04
3.093463028295444062e+00 3.387000000000028876e-03 2.173433642856157505e-02 1.278391691424477763e-04
3.100235221842578603e+00 3.386499999999958987e-03 2.131418621802295271e-02 1.316264747638127392e-04
3.107007008143079840e+00 3.386000000000111143e-03 2.147091008078365684e-02 1.283566544910920079e-04
3.113778384683845157e+00 3.386499999999958987e-03 2.153868366640126347e-02 1.325364886142214502e-04
3.120549348967342151e+00 3.385999999999889098e-03 2.172384422298045611e-02 1.361058902777508516e-04
3.127319898511440766e+00 3.385500000000041254e-03 2.135925018824822927e-02 1.254005811501640827e-04
3.134090030849302266e+00 3.385500000000041254e-03 2.147490575519390987e-02 1.347497117369562708e-04
3.140919774114927954e+00 3.385500000000041254e-03 2.146912269720910316e-02 1.336017845521087551e-04
3.147689087145204567e+00 3.384999999999971365e-03 2.127671091914743948e-02 1.316215715852492979e-04
3.154457975611608234e+00 3.384999999999971365e-03 2.162467155237138630e-02 1.337342136378234867e-04
3.161226437107158560e+00 3.384500000000123521e-03 2.168062617567765443e-02 1.353483471971124018e-04
3.167994469239427069e+00 3.384499999999901476e-03 2.151020504424485877e-02 1.240768917253050698e-04
3.174762069630327588e+00 3.384000000000053632e-03 2.191016536563318920e-02 1.540392224342539249e-04
3.181529235915989684e+00 3.383999999999831587e-03 2.127707718911219306e-02 1.435851513463632864e-04
3.188295965746605454e+00 3.384000000000053632e-03 2.126868674090870784e-02 1.325422510291194536e-04
3.195062256786285637e+00 3.383499999999983743e-03 2.132291085633095454e-02 1.297132276214220056e-04
3.201828106712895305e+00 3.383000000000135898e-03 2.163958652761289667e-02 1.256836274621279329e-04
3.208593513217909532e+00 3.383499999999983743e-03 2.135646205996591732e-02 1.412427205398881179e-04
3.215358474006261069e+00 3.382499999999843965e-03 2.163598623611637586e-02 1.330618827841604341e-04
3.222122986796183142e+00 3.382500000000066009e-03 2.135048043457382638e-02 1.300374477677773938e-04
3.228887049319033586e+00 3.382500000000066009e-03 2.135659884411352655e-02 1.461591096220059792e-04
3.235312490169585331e+00 3.382500000000066009e-03 2.133266541205358635e-02 1.310944712920616127e-04
3.241797867334962113e+00 3.381499999999926231e-03 2.155157529195511276e-02 1.337048291333972540e-04
3.248560633136741593e+00 3.381999999999996120e-03 2.150346826293718719e-02 1.394115038011576766e-04
3.255322939903940060e+00 3.381499999999926231e-03 2.128981290186355430e-02 1.248789014463218641e-04
3.262084785430483969e+00 3.381000000000078387e-03 2.143987888814034501e-02 1.238457433628473289e-04
3.268846167522482915e+00 3.381000000000078387e-03 2.148678677592916891e-02 1.286321871738792580e-04
3.275607083998201219e+00 3.380999999999856342e-03 2.124279412378350315e-02 1.336552202385997846e-04
3.282367532687770151e+00 3.380500000000008498e-03 2.156258392353130326e-02 1.374783889893693213e-04
3.289127511433145301e+00 3.379999999999938609e-03 2.168690110095227927e-02 1.415009109692861677e-04
3.296224981582857261e+00 3.380000000000160654e-03 2.145723757450199512e-02 1.306762816618495314e-04
3.303321927595738394e+00 3.379999999999938609e-03 2.122322638572628553e-02 1.366188836484177828e-04
3.310080435924393605e+00 3.379500000000090765e-03 2.121268864550801547e-02 1.297374829995695609e-04
3.316838465580703055e+00 3.379499999999868720e-03 2.176639532283268508e-02 2.043167337043476166e-04
3.323596014464275328e+00 3.379000000000020876e-03 2.134496074644913477e-02 1.387434599798110862e-04
3.330353080485556561e+00 3.379000000000020876e-03 2.129937808114517814e-02 1.392953400786423577e-04
3.337109661565672347e+00 3.378499999999950987e-03 2.137797052475947507e-02 1.317370517302756782e-04
3.343865755636276305e+00 3.378499999999950987e-03 2.143886607366688596e-02 2.682460808376907415e-04
3.350621360639389312e+00 3.378000000000103142e-03 2.148218372440566584e-02 1.332307464384889777e-04
3.357376474527245414e+00 3.378000000000103142e-03 2.129161299148461806e-02 1.384125241865357596e-04
3.363793376587972617e+00 3.377499999999811209e-03 2.141928117750247634e-02 1.547235234396511906e-04
3.370270572205022130e+00 3.377500000000033253e-03 2.151870684656946586e-02 1.398010821734497111e-04
3.377024271366986241e+00 3.376999999999963364e-03 2.119686892423702090e-02 1.820100861221210454e-04
3.383777471485367450e+00 3.376500000000115520e-03 2.131574847361480604e-02 1.522123016139180171e-04
3.390530170560507983e+00 3.376999999999963364e-03 2.126391592852069912e-02 1.241121905442707713e-04
3.397282366601991122e+00 3.376000000000045631e-03 2.166177371244896663e-02 1.383982555745689124e-04
3.404034057628622545e+00 3.376499999999893475e-03 2.141585207749136313e-02 1.410607832401805932e-04
3.410785241668083501e+00 3.375499999999975742e-03 2.136835267788464790e-02 1.360657110926925611e-04
3.417535916756981429e+00 3.375500000000197787e-03 2.149587624481013454e-02 1.367134670970164784e-04
3.424286080940484922e+00 3.375499999999975742e-03 2.150620105303220272e-02 1.343036429151792154e-04
3.431035732272346817e+00 3.374999999999905853e-03 2.144760012020406614e-02 1.472256207099867603e-04
3.437784868814656392e+00 3.374999999999905853e-03 2.137668605347368272e-02 1.332918942700096147e-04
3.444533488637656404e+00 3.374500000000058009e-03 2.132382678151281685e-02 1.409397143783238846e-04
3.451281589819651163e+00 3.374500000000058009e-03 2.112100923380036063e-02 1.423632486153276848e-04
3.458029170446841771e+00 3.373999999999988120e-03 2.160361058767941780e-02 1.325903255976708980e-04
3.464776228613134279e+00 3.373499999999918231e-03 2.125786508053315732e-02 1.352267738426323981e-04
3.471522762419998465e+00 3.373500000000140275e-03 2.163558194651343802e-02 1.330896350947745126e-04
3.478268769976311514e+00 3.373499999999918231e-03 2.136061668155140106e-02 1.477942877951836007e-04
3.485014249398203035e+00 3.373000000000070386e-03 2.135345772565447678e-02 1.351899589847434724e-04
3.491759198808896070e+00 3.372500000000000497e-03 2.135322845902844560e-02 1.448620784210660512e-04
3.498503616338551225e+00 3.372500000000000497e-03 2.148653014405161460e-02 1.463368349714792220e-04
3.505247500124097471e+00 3.372500000000000497e-03 2.132909623350853073e-02 1.577663030833488576e-04
3.511990848309073598e+00 3.371499999999860719e-03 2.152940109524194290e-02 1.525592929827582537e-04
3.518733659043514095e+00 3.372000000000152653e-03 2.123323554880876540e-02 1.426618530009340555e-04
3.525475930483761289e+00 3.371000000000012875e-03 2.168417457346321145e-02 1.406887797196144550e-04
3.532217660792245084e+00 3.371499999999860719e-03 2.143232851250436929e-02 1.386546471014947750e-04
3.538958848137443880e+00 3.370500000000165031e-03 2.135268102833970741e-02 1.391033714294089983e-04
3.545699490693665634e+00 3.370499999999942986e-03 2.158275842460122274e-02 1.376326231914653641e-04
3.552439586640836922e+00 3.370499999999942986e-03 2.125626034267106765e-02 1.291352345293246204e-04
3.559179134164481173e+00 3.370000000000095142e-03 2.125356558144446406e-02 2.143038541695343362e-04
3.565979455242487717e+00 3.369500000000025253e-03 2.142376502454536313e-02 1.698240188895870845e-04
3.572717920548417414e+00 3.369499999999803208e-03 2.148945032998317295e-02 1.423604884512618990e-04
3.579455831991294357e+00 3.369500000000025253e-03 2.142172775316010525e-02 1.431766251531113381e-04
3.586193187777450664e+00 3.368500000000107519e-03 2.138415563522187007e-02 2.738286063178383247e-04
3.592929986117908037e+00 3.368999999999955364e-03 2.136992604519438385e-02 1.401909537985862250e-04
3.599666225228250749e+00 3.368000000000037630e-03 2.175870009677108308e-02 1.457662712553828201e-04
3.606401903328469771e+00 3.368000000000037630e-03 2.107732222851671153e-02 1.510031110973938484e-04
3.613137018642827769e+00 3.368000000000037630e-03 2.146596992259635142e-02 1.490217516697310920e-04
3.619871569399684574e+00 3.367499999999967741e-03 2.150640098782324178e-02 1.628163602119744868e-04
3.626605553831343087e+00 3.366999999999897852e-03 2.116958208203869804e-02 1.352686460960723068e-04
3.633338970173877414e+00 3.367000000000119897e-03 2.112378254033356675e-02 1.471848573036796718e-04
3.640071816666986315e+00 3.366499999999827963e-03 2.104896818910597864e-02 1.416878335191789576e-04
3.646804091553847549e+00 3.366500000000050008e-03 2.097875962627917396e-02 1.405956508385443045e-04
3.653535793080952665e+00 3.365999999999980119e-03 2.106589834636775002e-02 1.660684003693438349e-04
3.660266919497944471e+00 3.365500000000132275e-03 2.114669331501813423e-02 1.547875326551400546e-04
3.666997469057449166e+00 3.365499999999910230e-03 2.114167363740394531e-02 1.423831570181393984e-04
3.673727440014897816e+00 3.365000000000062386e-03 2.112378063792522478e-02 1.438338228344369560e-04
3.680456830628503262e+00 3.364999999999840341e-03 2.112954468668996194e-02 1.511709289055964897e-04
3.687185639158902628e+00 3.364499999999992497e-03 2.123877601496503009e-02 1.419480596362196045e-04
3.693913863869147107e+00 3.364000000000144652e-03 2.121222597615220889e-02 1.470762538557473490e-04
3.700641503024493240e+00 3.363999999999922608e-03 2.097484020955200923e-02 1.402835509953103570e-04
3.707368554892245704e+00 3.363500000000074763e-03 2.117009599954480792e-02 1.527778589128152384e-04
3.713422398011768877e+00 2.606499999999956074e-03 2.111695582331928750e-02 1.615995758240484730e-04
3.833203314982908338e+00 3.357999999999972118e-03 2.103996164688345938e-02 1.562222484592130250e-04
3.839918439712963316e+00 3.357500000000124274e-03 2.122121433266674351e-02 1.617891015694606521e-04
3.846632941448949516e+00 3.356999999999832340e-03 2.120710033626769381e-02 1.509796021028156365e-04
3.853346818464277845e+00 3.357000000000054385e-03 2.108442255062002030e-02 1.603495127428691109e-04
3.860060069030796015e+00 3.357000000000054385e-03 2.100453569449705488e-02 1.612539516924986341e-04
3.866772691418726371e+00 3.355999999999914607e-03 2.097466111410425937e-02 1.620228358257833155e-04
3.873484683896537994e+00 3.356000000000136652e-03 2.095307121098749156e-02 2.654531759414426430e-04
3.880196044730702454e+00 3.355999999999914607e-03 2.131164039067814236e-02 2.577615578713567633e-04
3.886906772185570347e+00 3.355500000000066763e-03 2.110157080269461222e-02 1.724708586184442005e-04
3.893616864523303800e+00 3.354999999999996874e-03 2.112192669203419998e-02 1.562588439692502468e-04
3.900326320003616676e+00 3.354499999999926985e-03 2.092857215704323551e-02 1.456486373249380622e-04
3.907035136883657334e+00 3.354499999999926985e-03 2.116134344710606657e-02 1.637616515496090580e-04
3.913743313417859859e+00 3.354000000000079140e-03 2.120315491627238272e-02 1.604088250187357689e-04
3.920450847857788634e+00 3.353500000000009251e-03 2.081182551682649387e-02 1.587994548244597739e-04
3.927095375921297205e+00 3.353500000000009251e-03 2.089967672917195790e-02 1.620226044146981157e-04
3.933801601895732691e+00 3.353500000000009251e-03 2.094070953212560579e-02 1.541493166612537956e-04
3.940507180522645037e+00 3.352500000000091518e-03 2.112381434712490638e-02 1.634745657093974178e-04
3.947212110040307920e+00 3.352499999999869473e-03 2.130088720516460851e-02 1.725008915822832543e-04
3.953916388683363259e+00 3.352000000000021629e-03 2.109837244693247779e-02 1.681157140566152269e-04
3.960620014682653789e+00 3.352000000000021629e-03 2.119825778313850356e-02 1.779125044702091637e-04
3.967322986265064522e+00 3.351499999999951740e-03 2.145344975288459438e-02 1.793177359979117227e-04
3.974025301653487219e+00 3.351000000000103896e-03 2.117778236758291119e-02 1.695732510780287132e-04
3.980726959066472226e+00 3.350999999999881851e-03 2.106350272494317624e-02 1.700406190316295502e-04
3.987427956718249789e+00 3.350500000000034007e-03 2.132562703868818438e-02 1.703279662407807297e-04
3.994128292818481363e+00 3.349999999999964118e-03 2.132627992798196565e-02 1.679217297607662411e-04
4.000827965572165468e+00 3.349999999999964118e-03 2.142479767947415986e-02 1.780269870288572938e-04
4.007526973179407648e+00 3.349500000000116273e-03 2.132367088626677121e-02 1.764894358079726331e-04
4.014225313835415143e+00 3.349000000000046384e-03 2.158795861647203745e-02 1.772346770437513484e-04
4.020922985730168264e+00 3.349000000000046384e-03 2.116130606299728573e-02 1.705170223795324117e-04
4.027619987048383976e+00 3.348499999999976495e-03 2.144754321798611821e-02 1.673762339811924718e-04
4.034316315969383560e+00 3.347999999999906606e-03 2.134629392342557788e-02 1.721192226217887707e-04
4.041011970666867015e+00 3.347999999999906606e-03 2.133910307779571247e-02 1.739137783351858940e-04
4.047706949308795821e+00 3.347000000000210918e-03 2.131451999378937076e-02 1.772597279336559305e-04
4.054401250057255268e+00 3.347499999999836717e-03 2.157375850722534003e-02 1.811408828803088092e-04
4.061094871068295475e+00 3.346500000000141029e-03 2.129846828754768800e-02 2.038295822403012633e-04
4.067787810491790168e+00 3.346499999999696939e-03 2.111662206033885006e-02 1.698243414216126131e-04
4.074480066471286577e+00 3.346500000000141029e-03 2.126883967600499969e-02 1.758273656171826702e-04
4.081171637143856223e+00 3.345500000000001251e-03 2.163035487366443341e-02 1.821469310356704080e-04
4.087862520639951924e+00 3.345500000000001251e-03 2.154363559184513735e-02 1.831609997856800274e-04
4.094552715083255023e+00 3.344999999999931362e-03 2.149808209349330160e-02 1.700421980897088030e-04
4.101242218590515520e+00 3.344999999999931362e-03 2.161670856265320712e-02 1.713262524604590789e-04
4.107931029271417955e+00 3.344000000000235673e-03 2.134605642511354720e-02 1.746698762830296088e-04
4.114619145228490815e+00 3.343999999999791584e-03 2.140297343129938731e-02 1.821915918938831131e-04
4.121306564556849850e+00 3.344000000000235673e-03 2.138740158486897996e-02 1.962538015687076420e-04
4.127993285344116359e+00 3.343499999999721695e-03 2.093450138049168449e-02 1.819128572477019174e-04
4.134679305670319494e+00 3.343000000000095895e-03 2.129898289673138809e-02 1.859824564236283394e-04
4.141364623607610262e+00 3.342500000000026006e-03 2.129916178070257252e-02 1.779683341538950932e-04
4.148049237220295282e+00 3.342500000000026006e-03 2.135078303829046273e-02 1.932473815619836571e-04
4.154670125830618232e+00 3.341999999999956117e-03 2.124870665268285483e-02 1.869334542632405699e-04
4.161353306130531671e+00 3.341499999999886228e-03 2.103296275847758509e-02 1.866567591125799751e-04
4.168035776250719415e+00 3.341500000000330317e-03 2.115950616982542262e-02 1.847875152097454494e-04
4.174717534222004645e+00 3.340999999999816339e-03 2.124247089450709627e-02 1.944102476332768979e-04
4.181398578066566785e+00 3.340500000000190539e-03 2.121252239659031022e-02 1.815919384635525185e-04
4.188078905797769202e+00 3.339999999999676561e-03 2.124678846020023812e-02 1.891610926332208914e-04
4.194758515420038414e+00 3.340000000000120650e-03 2.120374897335652875e-02 1.931173352833069786e-04
4.201437404928721087e+00 3.339500000000050761e-03 2.148515830025842649e-02 3.458253120698493626e-04
4.208115572309944596e+00 3.338999999999980872e-03 2.157151973147625190e-02 1.923451971819755703e-04
4.214793015540474030e+00 3.338999999999980872e-03 2.170401307883303155e-02 1.919764350900240741e-04
4.221469732587570078e+00 3.338499999999910983e-03 2.158806958556500760e-02 1.772763751604273293e-04
4.228145721408850477e+00 3.338000000000285183e-03 2.172281141542964714e-02 1.784203525930106316e-04
4.234820979952147013e+00 3.337499999999771205e-03 2.217056589473583375e-02 1.924459477973098926e-04
4.241495506155359863e+00 3.337500000000215294e-03 2.218677407757113293e-02 2.045673665984537777e-04
4.248169297946313705e+00 3.336999999999701316e-03 2.205016565198094497e-02 1.910871782798810874e-04
4.254842353242638708e+00 3.336500000000075516e-03 2.195649397158053531e-02 1.907169695384656333e-04
4.261514669951647960e+00 3.336000000000005627e-03 2.240994932825181307e-02 2.048857277348072308e-04
4.268186245970108317e+00 3.336000000000005627e-03 2.286375969744910627e-02 1.914281697273176742e-04
4.275190602239569593e+00 3.335499999999935739e-03 2.241560802770206987e-02 1.942164837217249596e-04
4.282130742869072471e+00 3.335000000000309939e-03 2.232888396151125332e-02 2.029056370879639502e-04
4.288799990409103202e+00 3.334999999999865850e-03 2.240433767690926808e-02 1.972125647216604340e-04
4.295468488519203376e+00 3.334000000000170161e-03 2.271253584980412882e-02 2.083809817599934313e-04
4.302136235040348922e+00 3.333999999999726072e-03 2.232055231392656922e-02 2.001223712810007416e-04
4.308803227802148861e+00 3.333500000000100272e-03 2.248378322018247666e-02 2.314983882883398880e-04
4.315469464622768037e+00 3.333500000000100272e-03 2.251389446456648902e-02 2.169056401498591579e-04
4.322134943308807209e+00 3.333000000000030383e-03 2.258361755939423607e-02 2.380320446726520798e-04
4.328799661655116537e+00 3.332499999999960494e-03 2.281007568004895028e-02 2.296220373834835884e-04
4.335463617444681006e+00 3.331999999999890605e-03 2.280860180279812438e-02 2.046249651972658192e-04
4.342126808448491637e+00 3.331499999999820716e-03 2.259412235911012826e-02 2.202905767918190798e-04
4.348789232425415818e+00 3.331500000000264805e-03 2.261731298726742459e-02 2.250866987510890193e-04
4.355450887122056969e+00 3.330999999999750827e-03 2.266801671473952368e-02 2.197179306828523694e-04
4.362111770272606215e+00 3.330500000000125027e-03 2.261919588163593259e-02 2.290732848177482372e-04
4.368771879598741137e+00 3.330000000000055138e-03 2.273475508864968367e-02 3.437143484960336897e-04
4.375431212809474779e+00 3.330000000000055138e-03 2.234109569952752103e-02 2.143726700778631779e-04
4.382026077681924647e+00 3.328999999999915360e-03 2.259387999645402073e-02 2.239598909136955747e-04
4.388683832790089667e+00 3.328999999999915360e-03 2.234374143757960132e-02 2.157509681883504143e-04
4.395340804825275782e+00 3.328999999999915360e-03 2.237418212365552619e-02 2.360700143783805202e-04
4.401996991444296015e+00 3.328000000000219671e-03 2.253453570116834698e-02 2.221726394036366726e-04
4.408652390290649592e+00 3.327999999999775582e-03 2.223785308052927262e-02 2.029681896984204229e-04
4.415306998994369181e+00 3.327500000000149782e-03 2.259565671653068417e-02 2.407670710182669988e-04
4.421960815171933845e+00 3.327000000000079893e-03 2.256599376128036807e-02 2.199329390772061549e-04
4.428613836426093187e+00 3.326500000000010004e-03 2.247809012711248292e-02 2.141341412609976027e-04
4.435266060345782080e+00 3.325999999999940115e-03 2.246200794608191678e-02 2.185501633325320151e-04
4.441917484505959912e+00 3.325999999999940115e-03 2.246600749807595165e-02 2.346326730559460453e-04
4.448568106467480909e+00 3.325499999999870226e-03 2.223291055822760806e-02 2.385570097832254990e-04
4.455217923777018640e+00 3.325000000000244427e-03 2.187907143880096772e-02 2.378342155289057578e-04
4.461834967426900889e+00 3.324500000000174538e-03 2.226284430882608661e-02 2.868913260802253770e-04
4.468451183368530977e+00 3.324499999999730449e-03 2.219401620023311178e-02 2.129945985233104903e-04
4.475098552788889350e+00 3.323500000000034760e-03 2.232437914360392572e-02 2.396990684618852867e-04
4.481745107589020449e+00 3.323500000000034760e-03 2.226208373359881906e-02 2.428519225075933825e-04
4.488390845242376415e+00 3.322999999999964871e-03 2.182857907473668632e-02 2.262927326826151889e-04
4.495035763207441804e+00 3.322999999999964871e-03 2.178872057723215544e-02 2.612608988313952474e-04
4.501679858927603917e+00 3.322000000000269182e-03 2.184778340770015398e-02 2.342079152095091733e-04
4.508323129831032894e+00 3.321499999999755204e-03 2.183329546450777855e-02 2.537222954317552392e-04
4.514965573330535165e+00 3.321500000000199293e-03 2.197830246707400959e-02 2.603396264651892966e-04
4.521607186823496605e+00 3.320999999999685315e-03 2.148133605852051500e-02 2.532844137272038595e-04
4.528247967691662268e+00 3.320500000000059515e-03 2.171284566107474848e-02 2.352749247889429315e-04
4.534887913301108853e+00 3.319999999999989626e-03 2.157142344478902435e-02 2.437052997149205915e-04
4.541462845044556218e+00 3.319999999999989626e-03 2.157469845457142890e-02 2.383702225466789303e-04
4.548101092970442849e+00 3.319000000000293937e-03 2.184110121755086092e-02 2.550486071343303473e-04
4.554738497628008531e+00 3.318999999999849848e-03 2.204961734721308173e-02 2.561249396897685325e-04
4.561375056319089794e+00 3.318499999999779959e-03 2.191314753672548785e-02 2.540482708537912635e-04
4.568010766329189565e+00 3.318000000000154159e-03 2.210666883465715188e-02 2.482575978798340658e-04
4.574645624927413223e+00 3.317500000000084270e-03 2.200580555704347019e-02 2.597194828643644847e-04
4.581279629366285633e+00 3.317000000000014381e-03 2.154781190301053098e-02 2.354718912446107280e-04
4.587912776881685417e+00 3.316499999999944492e-03 2.172414392920102300e-02 2.457997379038042991e-04
4.594545064692714398e+00 3.316499999999944492e-03 2.137465191284538060e-02 2.427931240935978017e-04
4.601176490001571473e+00 3.315999999999874603e-03 2.122444165422374129e-02 2.483473948513050260e-04
4.607742666935077835e+00 3.315500000000248804e-03 2.136350857415382498e-02 2.431987548973247161e-04
4.614372339436372705e+00 3.314999999999734825e-03 2.127741258611155414e-02 2.483804256265699896e-04
4.621001140925406148e+00 3.314500000000109026e-03 2.130198308741539787e-02 2.696029392836215557e-04
4.627629068535454415e+00 3.314000000000039137e-03 2.176175679204616492e-02 2.422715716475447420e-04
4.634256119382307304e+00 3.313499999999969248e-03 2.155354594592707312e-02 2.566992017258208246e-04
4.640882290564190882e+00 3.313499999999969248e-03 2.141231212052372573e-02 2.662533666292718503e-04
4.647507579161612057e+00 3.312500000000273559e-03 2.193733893484968792e-02 2.617062287022187345e-04
4.654131982237279530e+00 3.312499999999829470e-03 2.156038593584788665e-02 2.713572789883291403e-04
4.660755496835983003e+00 3.312000000000203670e-03 2.127663616339819236e-02 2.780063217583109885e-04
4.667378119984449292e+00 3.311499999999689692e-03 2.153157301530209122e-02 2.523633788121975620e-04
4.673935256951283534e+00 3.310499999999994003e-03 2.210922251982489969e-02 2.721324852468686903e-04
4.680556068707057982e+00 3.311000000000063892e-03 2.101655211910011603e-02 2.543335810420421501e-04
4.687175979967738826e+00 3.309999999999924114e-03 2.144146060339706394e-02 2.608602172403250326e-04
4.693794987686671583e+00 3.309500000000298314e-03 2.140281512500588276e-02 2.658167748235966041e-04
4.700413088798598871e+00 3.308999999999784336e-03 2.163354691307700292e-02 2.763494634716771674e-04
4.707030280219626661e+00 3.309000000000228425e-03 2.177836807512752160e-02 2.649692411480691141e-04
4.713646558846992463e+00 3.307999999999644558e-03 2.163076047721903053e-02 2.463372821781665309e-04
4.720261921559066209e+00 3.308000000000088647e-03 2.162375264919391346e-02 2.644998804343710419e-04
4.726843983288608442e+00 3.307500000000018758e-03 2.161682988881936246e-02 2.657509356989929870e-04
4.733425104144535212e+00 3.306499999999878980e-03 2.117751340774909688e-02 2.850533944561063518e-04
4.740037680533863096e+00 3.306500000000323070e-03 2.147259444093994538e-02 2.707092734824081059e-04
4.746649328313074179e+00 3.305999999999809091e-03 2.153906214324038948e-02 2.885541481233038267e-04
4.753260044264281170e+00 3.305500000000183292e-03 2.117204817206081585e-02 2.724109720133493693e-04
4.759869825150062184e+00 3.304999999999669313e-03 2.129917974594603899e-02 2.727876044323990180e-04
4.766478667713355044e+00 3.304500000000043514e-03 2.109585068727329663e-02 2.996701589907967470e-04
4.773086568677353370e+00 3.303999999999973625e-03 2.149696619976638329e-02 2.973840004607098504e-04
4.779693524745432853e+00 3.303500000000347825e-03 2.160651405506917866e-02 2.773584776703896348e-04
4.786234577586048644e+00 3.302999999999833847e-03 2.123596742081045388e-02 2.796064296683297844e-04
4.792839614086227940e+00 3.302999999999833847e-03 2.160752446150669345e-02 2.644654416423579076e-04
4.799443695662295895e+00 3.302000000000138158e-03 2.140284003000800933e-02 2.826025187406393810e-04
4.806046818937153020e+00 3.301500000000068269e-03 2.159365196028344494e-02 2.853483410427507818e-04
4.812648980513291264e+00 3.296999999999883357e-03 2.172587664276333722e-02 2.844874243001521848e-04
4.819250176972820654e+00 3.292500000000142535e-03 2.181001081551194390e-02 3.139328860345315538e-04
4.825850404877240152e+00 3.296499999999813468e-03 2.149949980322173396e-02 2.780763294109985721e-04
4.832449660767512256e+00 3.299500000000232802e-03 2.167574348221504993e-02 2.905727893719863507e-04
4.838982812345223650e+00 3.299499999999788713e-03 2.150528170482269089e-02 2.959132359953116419e-04
4.845580093782837494e+00 3.298500000000093024e-03 2.161307578478210978e-02 2.868599590071412085e-04
4.852176392685143114e+00 3.298500000000093024e-03 2.137151614308982137e-02 2.998066177373579660e-04
4.858771705509442818e+00 3.297499999999953246e-03 2.185716665366886635e-02 3.110149908899112752e-04
4.865366028691934019e+00 3.290999999999932868e-03 2.154595609191608391e-02 2.932185086380972817e-04
4.871959358647620419e+00 3.288500000000027512e-03 2.119424488187428984e-02 2.964801361746909427e-04
4.878551691770205423e+00 3.294499999999978002e-03 2.135474479464445630e-02 3.857261677403597149e-04
4.885077740559545134e+00 3.296000000000187669e-03 2.185954558132040260e-02 3.174754068774289983e-04
4.891668049002494634e+00 3.295499999999673690e-03 2.130510371311269968e-02 3.028817787987810690e-04
4.898257349644936198e+00 3.294499999999978002e-03 2.157206427468669543e-02 2.981207563958784661e-04
4.904845638794402163e+00 3.294000000000352202e-03 2.147546621892118188e-02 2.843821135146534763e-04
4.911432912736680478e+00 3.288999999999653312e-03 2.148597443099401275e-02 2.883500332409049717e-04
4.918019167735654840e+00 3.284999999999982379e-03 2.164369120965508805e-02 3.097458016250620623e-04
4.924604400033368634e+00 3.289500000000167290e-03 2.185457577903164930e-02 2.996099893607649688e-04
4.931123165832445920e+00 3.292000000000072646e-03 2.174006652084121624e-02 3.056321091315551013e-04
4.937706321107098617e+00 3.291500000000002757e-03 2.127684645999865926e-02 3.346334346543686287e-04
4.944288442253683691e+00 3.291500000000002757e-03 2.120307588445149993e-02 3.257604176643275735e-04
4.950869525425493300e+00 3.290499999999862979e-03 2.143926872303588554e-02 2.874013433782733606e-04
4.957449566753571624e+00 3.284000000000286690e-03 2.173155425432655996e-02 3.008322146609231605e-04
4.964028562346483042e+00 3.281499999999937245e-03 2.173718450585136047e-02 3.018497806142639598e-04
4.970606508290261516e+00 3.286499999999747956e-03 2.178632311020653814e-02 3.143394274884170206e-04
4.977446620558012569e+00 3.288500000000027512e-03 2.170971989729897703e-02 3.145548068306993489e-04
4.984351140887790521e+00 3.287499999999887734e-03 2.122604764059341301e-02 2.887522916417425240e-04
4.990925787366518485e+00 3.287500000000331823e-03 2.126638899681180389e-02 3.339193065391103513e-04
4.997499367890617883e+00 3.286999999999817845e-03 2.094626892432124160e-02 3.354564512674515020e-04
5.004071878429916964e+00 3.277999999999892111e-03 2.136774819871985892e-02 3.113865988884785530e-04
5.010314770024787201e+00 3.277500000000266311e-03 2.109773302600067083e-02 3.111710106667912412e-04
5.016885182419788869e+00 3.284999999999982379e-03 2.173858179428420773e-02 3.223473401087233116e-04
5.023717191742637311e+00 3.284499999999912490e-03 2.183078124512534066e-02 3.256984764704854329e-04
5.030285361009008582e+00 3.283999999999842601e-03 2.150039195657356406e-02 3.283370332927015465e-04
5.036852439771534407e+00 3.283500000000216801e-03 2.118910520107424728e-02 3.290043162997262479e-04
5.043418423860630995e+00 3.276999999999752333e-03 2.106629871608266605e-02 3.243738454838541855e-04
5.049983309083380334e+00 3.274500000000291067e-03 2.100848113302316439e-02 4.021552526270263548e-04
5.056547091223148271e+00 3.279000000000031889e-03 2.136192545829164111e-02 3.131426815531290699e-04
5.063043869408637043e+00 3.281499999999937245e-03 2.168112451867380483e-02 3.183542293618888785e-04
5.069605411930576011e+00 3.280499999999797467e-03 2.113469588042823921e-02 3.156257663193938879e-04
5.076165838556254251e+00 3.280000000000171667e-03 2.157370407369101073e-02 3.011119608274575926e-04
5.082069264865047842e+00 2.787500000000164846e-03 2.145914319683586355e-02 3.534965952231790861e-04
5.087971780646117992e+00 3.376499999999893475e-03 2.077114779441233475e-02 3.450684705225957362e-04
5.094856895430047494e+00 3.376999999999963364e-03 2.110417717147079070e-02 3.422170264309078841e-04
5.101674724351511259e+00 3.376499999999893475e-03 2.098164839675459303e-02 2.969121323447317237e-04
5.108229599467358995e+00 3.376499999999893475e-03 2.122718467760464564e-02 3.058734353381541604e-04
5.115110990934002899e+00 3.376500000000337565e-03 2.102426168419546312e-02 2.887464886848389498e-04
5.121991115650104121e+00 3.376999999999963364e-03 2.137643928531276008e-02 3.188221833768187393e-04
5.128542436959754092e+00 3.376499999999893475e-03 2.100653583702910901e-02 5.724272497126923912e-04
5.135420082001397546e+00 3.376499999999893475e-03 2.160633977145962059e-02 3.335662756181634217e-04
5.142230265724734295e+00 3.376499999999893475e-03 2.179669363456906983e-02 3.320991280603026842e-04
5.148777968948033745e+00 3.376999999999963364e-03 2.122753020224056597e-02 3.418911084661721707e-04
5.155651799794230605e+00 3.376500000000337565e-03 2.078624556989469574e-02 3.368656704392203566e-04
5.162524332742029820e+00 3.376499999999893475e-03 2.090702913517228367e-02 3.527956120998932180e-04
5.169068394775585773e+00 3.376999999999963364e-03 2.105804661271256858e-02 4.359842740239825332e-04
