6.309570532312001045e-01 1.466212354044760247e-03 2.106504362177857165e-02 1.396026492986572761e-04
6.340326850982181961e-01 1.469377216795852981e-03 2.117139834475166918e-02 1.431249605805176150e-04
6.368347429971211726e-01 1.472520087972606362e-03 2.123728193652714424e-02 1.259792743897052332e-04
6.427375677628363038e-01 1.478739917465110576e-03 2.106131307700571248e-02 1.168064970822096693e-04
6.456982881056275714e-01 1.481832283374284742e-03 2.105636954056143081e-02 1.127933117964272482e-04
6.486651896863286915e-01 1.484897071397428547e-03 2.098962791584333201e-02 1.184374936302658182e-04
6.516381084445969085e-01 1.487935618449787167e-03 2.091639380612571320e-02 1.039506022673830795e-04
6.546171127904757414e-01 1.490950471243090991e-03 2.111520688463857515e-02 1.062579335871120865e-04
6.576021167731059824e-01 1.493941496224338028e-03 2.081197434851285791e-02 1.000230596898288321e-04
6.610208381052871118e-01 1.497360560780758298e-03 2.094435652304285980e-02 9.438682127660874598e-05
6.640185436442532785e-01 1.500299243780256475e-03 2.112211114817142896e-02 9.281746291393394013e-05
6.670221035933183718e-01 1.503215615290875995e-03 2.116799532713714224e-02 8.925291037698601421e-05
6.701032142690994675e-01 1.506108308054809886e-03 2.103280570168666874e-02 9.358701786307386421e-05
6.730465922271512413e-01 1.508978016912410069e-03 2.103057845600714293e-02 8.502604554314348415e-05
6.760674273178685079e-01 1.511825919747966651e-03 2.094005915354000061e-02 8.251968300108265266e-05
6.790939271976050851e-01 1.514651029355329470e-03 2.100851916966857413e-02 8.110576644616750912e-05
6.851637302565445342e-01 1.520228123280731314e-03 2.082556432001143182e-02 7.834552219420767090e-05
6.882069424812404801e-01 1.522976997326397353e-03 2.103338643046570935e-02 7.667752215273311773e-05
6.912556293547043040e-01 1.525702015335417272e-03 2.106712832779143035e-02 7.604605354422948522e-05
6.943097430628730748e-01 1.528402587570698579e-03 2.106513497337856797e-02 7.444803902997004102e-05
6.973692420094541600e-01 1.531072118938547888e-03 2.095687493788142911e-02 7.389116692977427167e-05
7.004341055483117584e-01 1.533716393471218353e-03 2.092362915334333370e-02 7.937256192512005370e-05
7.036505145820884932e-01 1.536335815825851103e-03 2.097717532122500214e-02 7.888890238385059324e-05
7.065795589812265964e-01 1.538935739530566948e-03 2.091016815819000257e-02 7.166038776211300213e-05
7.096601168694863793e-01 1.541511239115500587e-03 2.090760680791857451e-02 7.282474876984572029e-05
7.127458210832072760e-01 1.544086504753072742e-03 2.095052042693714561e-02 7.226002122321119304e-05
7.158366228510150142e-01 1.546635427047748923e-03 2.106263786952857278e-02 7.287438711595419503e-05
7.318109665805828667e-01 1.559319845861661946e-03 2.112540843245713784e-02 7.458968168034280240e-05
7.348577524157988705e-01 1.785021077098103426e-03 2.110376173271667072e-02 8.019395047444328756e-05
7.385048588631618616e-01 1.564409764197804975e-03 2.081301734682143231e-02 7.479053095204100780e-05
7.416361074868306202e-01 1.566742560464962075e-03 2.094108931706571350e-02 7.585534757032801252e-05
7.447720196456975028e-01 1.569081132015315294e-03 2.106900502459428670e-02 7.628655172413563760e-05
7.479125429101587397e-01 1.571387321883388477e-03 2.110766552856428377e-02 7.715033645083993106e-05
7.509677795409126499e-01 1.573672546612836509e-03 2.108837190951000362e-02 9.185084811331491184e-05
7.542072550272190812e-01 1.575926932970372896e-03 2.086416057604714366e-02 7.846084662447540476e-05
7.575116386211181441e-01 1.578142011757155405e-03 2.101465163907333816e-02 8.636899103402449491e-05
7.605198591715572887e-01 1.580318056026652762e-03 2.093452042828571058e-02 8.252594513470057846e-05
7.636827599689980373e-01 1.582492703601667827e-03 2.126351291795285439e-02 8.237379824107295123e-05
7.668499902462738715e-01 1.584670079430361422e-03 2.166046696347143086e-02 8.383126403179681015e-05
7.700215085682023952e-01 1.586810942078575870e-03 2.134659763536999807e-02 8.661687092920554334e-05
7.731972660068529013e-01 1.588926736095563896e-03 2.101989529819143013e-02 8.698731404884313650e-05
7.763772094027776571e-01 1.590997276008976336e-03 2.092453329724571279e-02 8.728626437812429611e-05
7.795613046843025140e-01 1.593034458561015665e-03 2.089308802059571674e-02 8.921530205449016305e-05
7.827494988479031246e-01 1.595083609002678759e-03 2.096231882976714450e-02 9.076487127023935965e-05
7.858657044779954193e-01 1.597110167779802747e-03 2.113658000216500285e-02 9.911203060587870761e-05
7.895949168286583442e-01 1.599355710969807554e-03 2.095695750613142672e-02 9.455846317200895064e-05
7.927956839899471531e-01 1.601339983538174749e-03 2.095950159081000005e-02 9.859795768961409929e-05
7.960003503215757892e-01 1.603291692868213936e-03 2.110621871721999818e-02 9.915330912169151875e-05
7.992088770517948859e-01 1.605213197471422326e-03 2.101639868355714008e-02 1.011700804851570543e-04
8.024977555742832669e-01 1.607086858422701603e-03 2.127703601438999878e-02 1.106374846439496106e-04
8.056373031535251084e-01 1.608940461230612406e-03 2.109222896825571625e-02 1.064963333657255323e-04
8.088571123815547770e-01 1.610809934376122854e-03 2.087385433346428468e-02 1.085709241846000633e-04
8.120805922944452915e-01 1.612645833423076436e-03 2.107820026977142575e-02 1.115936091824654857e-04
8.153076884599076424e-01 1.614434861251790032e-03 2.094349579575714368e-02 1.124619062754235281e-04
8.185383593992155982e-01 1.616187236276267480e-03 2.115157503741714809e-02 1.162276195046192315e-04
8.217725619465390263e-01 1.617952276217138330e-03 2.088098593879142775e-02 1.187805291513591074e-04
8.250102408335523441e-01 1.619694175257035962e-03 2.092840072274714316e-02 1.198743117317003603e-04
8.282513527012925758e-01 1.621398473631463499e-03 2.123768636173143168e-02 1.232188859123304454e-04
8.313412638745468763e-01 1.623057177281839181e-03 2.129094860190667085e-02 1.407659804889382753e-04
8.348210714822364986e-01 1.624722616126839103e-03 2.131617812806499770e-02 1.415200469694375220e-04
8.382271996803900560e-01 1.858822783803448786e-03 2.102068358624874927e-02 1.258963054392541457e-04
8.419470100658337230e-01 1.860947517500322057e-03 2.122023920270625294e-02 1.268963855903929613e-04
8.456709738651650987e-01 1.863001555579446578e-03 2.088029464849749592e-02 1.301008535077863293e-04
8.493990383517077136e-01 1.865010196686167632e-03 2.117060082376499494e-02 1.368192881278374178e-04
8.754282110649052040e-01 2.224910284743308875e-03 2.124574220274600203e-02 7.032235303642165192e-05
8.798808806146121153e-01 2.227712743971821396e-03 2.101341932007599889e-02 6.914300326339858308e-05
8.843392935748617401e-01 2.230567028606800228e-03 2.113728888065399825e-02 6.770252448770448469e-05
8.888033609412000491e-01 2.233395779200231246e-03 2.131322486193800228e-02 6.663296663688323025e-05
8.932730771821143501e-01 2.236189278134070868e-03 2.139974228595399944e-02 6.651149708943932719e-05
8.977483535757379007e-01 2.238980878821905662e-03 2.119232230810399673e-02 6.466671017959193981e-05
9.022291857569397777e-01 2.241722408469815075e-03 2.122922604124600349e-02 6.500874046690981829e-05
9.067154880474334044e-01 2.244471228600830592e-03 2.127339057769600181e-02 6.278554734058987361e-05
9.112072461905752485e-01 2.247162516842482471e-03 2.125416879856600189e-02 6.322576445263378196e-05
9.157043883790910721e-01 2.249868432323720580e-03 2.124926747587799897e-02 5.992413456498777157e-05
9.202068906654605751e-01 2.252513222256113945e-03 2.132076520786200038e-02 6.321635757992164514e-05
9.247146871338804974e-01 2.255173829498358096e-03 2.137111020376600279e-02 6.101950241151761457e-05
9.292277536703004159e-01 2.257776125775268206e-03 2.149528759033200037e-02 6.015672095385129738e-05
9.337460185624337772e-01 2.260384198959741742e-03 2.141577397802400112e-02 5.971726205330962555e-05
9.382694684260579621e-01 2.262947928282132981e-03 2.131934771256399977e-02 5.991051368649319084e-05
9.427980206351784798e-01 2.265507658910870248e-03 2.132457714011000080e-02 5.895703535191059244e-05
9.473316750171980605e-01 2.268032293745059214e-03 2.149149139988999757e-02 5.747749277008114033e-05
9.518703383713829069e-01 2.270536613344753540e-03 2.133362435765200071e-02 5.731142257045352366e-05
9.564140125965542305e-01 2.273028714663616334e-03 2.130110427041199961e-02 5.677915448335130888e-05
9.609626135860690477e-01 2.275482324111122168e-03 2.143188837458600074e-02 5.715236138520894628e-05
9.655161297845056279e-01 2.277930342822309662e-03 2.121862388083200004e-02 5.697826314884267768e-05
9.700744940115594295e-01 2.280337070374560682e-03 2.124539546602000062e-02 5.463226544381454041e-05
9.746376764394346637e-01 2.282745693701015988e-03 2.114599536165799945e-02 5.470792015995990188e-05
9.792056311954633330e-01 2.285102483188639066e-03 2.113899741679000147e-02 5.618459416300778509e-05
9.839613968257975296e-01 2.745254781367889585e-03 2.112205572276600052e-02 5.383167129023205377e-05
9.890426949376251997e-01 2.290258229049269012e-03 2.108716107609499846e-02 5.927786425237307219e-05
9.938546205108689247e-01 2.292570213473621443e-03 2.119441814578200065e-02 5.270886163244156085e-05
9.984421443095609083e-01 2.294857150540341451e-03 2.100587915015800222e-02 5.235365421874412482e-05
1.003034200430199530e+00 2.297113424433394613e-03 2.114105414432400007e-02 5.221598115389133535e-05
1.007630770099787521e+00 2.299363189373515581e-03 2.115760976898200044e-02 5.209765483124502742e-05
1.012231807170014486e+00 2.301575127139021681e-03 2.102571086953199803e-02 5.184872435074103193e-05
1.016837253700013211e+00 2.303783758095478973e-03 2.114514773618200033e-02 5.103851736717238661e-05
1.021447093706709719e+00 2.305965787144925727e-03 2.092674481110400400e-02 4.986034290353596310e-05
1.026061260827737742e+00 2.308116955693551020e-03 2.105189017285599706e-02 5.056259251775396525e-05
1.030679728477660095e+00 2.310260988805712401e-03 2.107548969755600188e-02 5.095276757476915566e-05
1.035302461855348355e+00 2.312378545799798069e-03 2.104466859145999805e-02 5.049045000998619696e-05
1.039929393643597599e+00 2.314474512019937258e-03 2.094659412706999929e-02 5.014083511674213487e-05
1.044560512069813818e+00 2.316558014257230624e-03 2.099431798485799569e-02 4.982107880045295504e-05
1.049195768069238976e+00 2.318605514249227895e-03 2.101035524206999738e-02 4.844244215763564748e-05
1.053835106273854905e+00 2.320648764488564275e-03 2.109083033937399904e-02 4.459045827808282529e-05
1.058478510204472700e+00 2.322673165569444365e-03 2.116153898469400052e-02 4.939755658238718190e-05
1.063125922172262872e+00 2.324656147748571655e-03 2.093707431510400188e-02 4.916536318609252259e-05
1.067777307385639807e+00 2.326642605579243295e-03 2.103558773586199776e-02 4.901510903236026590e-05
1.072432638566047647e+00 2.328605661590099629e-03 2.095930346553200041e-02 4.869586442426871066e-05
1.077091853966595902e+00 2.330534073269774353e-03 2.099912776220800095e-02 4.780564676397314140e-05
1.081754930181053620e+00 2.332456370512270283e-03 2.136361780493800308e-02 4.968582198708427025e-05
1.086421831052849729e+00 2.334363340755429839e-03 2.121911560050799769e-02 4.940516079749069809e-05
1.091092502973796119e+00 2.336232569203677834e-03 2.109638318134000184e-02 4.939476160557698664e-05
1.095766918003882262e+00 2.338100720371105723e-03 2.110054642027000063e-02 4.857232204801630824e-05
1.100445043387399569e+00 2.339947413997900405e-03 2.115581031516199778e-02 4.774145721036993550e-05
1.105126825582373407e+00 2.341757959219314955e-03 2.140411357474199597e-02 4.813357221527929803e-05
1.109812236343748371e+00 2.343574459982789016e-03 2.128405722645600184e-02 4.759735465896814663e-05
1.114501242022184702e+00 2.345361957959646304e-03 2.141614099938199747e-02 4.914402080930143480e-05
1.119193799298688674e+00 2.347118827211502889e-03 2.142248812398199823e-02 4.800970786886413856e-05
1.123889862837149423e+00 2.348874387469224168e-03 2.121718453588599881e-02 4.746486851730902072e-05
1.129059620058321389e+00 2.820939611339112751e-03 2.133370834862833437e-02 4.349065932294683695e-05
1.134704028484250449e+00 2.823389464327252796e-03 2.150890580325499901e-02 4.372113123897283825e-05
1.140353315737556272e+00 2.825824867779269667e-03 2.128968361900166612e-02 4.232648486909731353e-05
1.146007432469640985e+00 2.828225902103076450e-03 2.133413408746500164e-02 4.386579942014354097e-05
1.151666313554525756e+00 2.830578148362072888e-03 2.141621309429166120e-02 4.301655087874105033e-05
1.157329886336314173e+00 2.832923073787574353e-03 2.123049805559667005e-02 4.339500952534428599e-05
1.162998104258956333e+00 2.835228665774569556e-03 2.127019880485833681e-02 4.383538485189364923e-05
1.168670896940690929e+00 2.837494790761008190e-03 2.141249365717833378e-02 4.314696984682976161e-05
1.174348200998430292e+00 2.839742374395881619e-03 2.120358640849999421e-02 4.382273285885668416e-05
1.180029965626812505e+00 2.841959315112108087e-03 2.134315137477166627e-02 4.346863336037944694e-05
1.185716127839205214e+00 2.844134509065510130e-03 2.118618815813833392e-02 4.419858819490354949e-05
1.191406618118701521e+00 2.846293385836085044e-03 2.113429209603833597e-02 4.342707586485439978e-05
1.197101390284290856e+00 2.848416749246518442e-03 2.115786850602666830e-02 4.461132025421613495e-05
1.202800386936027310e+00 2.850511712778169837e-03 2.131509394222166551e-02 4.431389782312520633e-05
1.208503529934326304e+00 2.852573824345228104e-03 2.117494519214832907e-02 4.404949140573606727e-05
1.214210783167171126e+00 2.854613174408937581e-03 2.121328440954333219e-02 4.421960032306699830e-05
1.219922083546322034e+00 2.856625871399121053e-03 2.117219405749166602e-02 4.331987617520097862e-05
1.225637367148325163e+00 2.858597913146021519e-03 2.122370984424333182e-02 4.457129855787602372e-05
1.231356579596590395e+00 2.860555585544988233e-03 2.119929589250833454e-02 4.517732963028734446e-05
1.237079669630842815e+00 2.862479717913091193e-03 2.113238973911166566e-02 4.514201732370409889e-05
1.242806583931751474e+00 2.864371491381412227e-03 2.098451444799833213e-02 4.470568311487849931e-05
1.248537246685231139e+00 2.866239292100725145e-03 2.109686026439333215e-02 4.473243599151618982e-05
1.254176053825588166e+00 2.868082393933990559e-03 2.108125764933200044e-02 4.951117697330000868e-05
1.260009663282475545e+00 2.869898718897978540e-03 2.095514886678499777e-02 4.579452995014586210e-05
1.266708583599303273e+00 2.871975111371050104e-03 2.106639846605500022e-02 4.668727793048530286e-05
1.272454342007562689e+00 2.873734010820916396e-03 2.094437368931000368e-02 4.635281604880976355e-05
1.278203591119784432e+00 2.875460804401930304e-03 2.109254108196500013e-02 4.721130736344840602e-05
1.283956270252692322e+00 2.877166265562558500e-03 2.101315293536000148e-02 4.779802731529471887e-05
1.290671993433236464e+00 2.879114610809474506e-03 2.121943731929833155e-02 4.793867942008213265e-05
1.296527968756644666e+00 2.880762814697845897e-03 2.088598262707199935e-02 5.222422845070691947e-05
1.302195114257705066e+00 2.882381456647209461e-03 2.105305890045833586e-02 4.794150705782821407e-05
1.307961526942283292e+00 2.883982242881444336e-03 2.116848233525333786e-02 4.833204671766380602e-05
1.313731102538752360e+00 2.885545610038953157e-03 2.120332381169833316e-02 4.937190146449909565e-05
1.319503781356538896e+00 2.887088992801656318e-03 2.119259735200333325e-02 4.853927219458717272e-05
1.325279531267450572e+00 2.888610722707629641e-03 2.134968965575666580e-02 5.050156997097962364e-05
1.331058293554369110e+00 2.890108371811139776e-03 2.152344115029833360e-02 5.037480297649356086e-05
1.336840022360188618e+00 2.891575561668302541e-03 2.147127683221666805e-02 5.078039102148861051e-05
1.342624660866594377e+00 2.893018607111108587e-03 2.158595586910833433e-02 5.052762216120485145e-05
1.348412166174522753e+00 2.894444113538563457e-03 2.153223960178500193e-02 5.158990152249813657e-05
1.354202494276657953e+00 2.895839894845320117e-03 2.172009603432666774e-02 5.215250810527280651e-05
1.359995593315416640e+00 2.897217307061716873e-03 2.159247741739500279e-02 5.258498603198238577e-05
1.365791418740297303e+00 2.898564648959434109e-03 2.168311285992833432e-02 5.320062319422883213e-05
1.371589915389038739e+00 2.899891308489555009e-03 2.153421356217833163e-02 5.250847071637705643e-05
1.377391045627674560e+00 2.901199072449900385e-03 2.162171653165999990e-02 5.363029217366517830e-05
1.383194760612112217e+00 2.902476625930572318e-03 2.173745987908333802e-02 5.383159016445232835e-05
1.389001018148764866e+00 2.903740717703828800e-03 2.154156607824166819e-02 5.367720080220110779e-05
1.394809770822258654e+00 2.904973688750867034e-03 2.156293749099333704e-02 5.437439237374198903e-05
1.400620968447669812e+00 2.906187101812340856e-03 2.172917482101666478e-02 5.550872190782010079e-05
1.406434571632334096e+00 2.907381613069137671e-03 2.163972989117999776e-02 5.555298416226856601e-05
1.412250539595189425e+00 2.908549086818590368e-03 2.155452084113999855e-02 5.682109681825726568e-05
1.418068823897926656e+00 2.909701386413887647e-03 2.169839550539999842e-02 5.716799335642701188e-05
1.423889387331191303e+00 2.910827339675625680e-03 2.172875503876833467e-02 5.706992674449048645e-05
1.429712179180890663e+00 2.911931546552004590e-03 2.179373731065999825e-02 5.825197411915789756e-05
1.435537158302245375e+00 2.913014152905568643e-03 2.161691216446499572e-02 5.798067930422767298e-05
1.441364289340260951e+00 2.914082886786850679e-03 2.162909383968166649e-02 5.937082226770623784e-05
1.447193526269028085e+00 2.915122601983011208e-03 2.171046758413667024e-02 5.978402524709491037e-05
1.453024828611609420e+00 2.916147610908081944e-03 2.148042311516833516e-02 6.097840904402743439e-05
1.459344389911102269e+00 3.403439521180495753e-03 2.141452030528857506e-02 5.485232125590676708e-05
1.466152633751674372e+00 3.404770343360397078e-03 2.161339585982285580e-02 5.717367291509777851e-05
1.472963508882865424e+00 3.406073701681666677e-03 2.152524957421714236e-02 5.794402877418044589e-05
1.479776960194284507e+00 3.407343861412392982e-03 2.149052983679142562e-02 5.712744987822124785e-05
1.486592916598895808e+00 3.408585307513201101e-03 2.156773956472571654e-02 5.919300683397474549e-05
1.493411328070104238e+00 3.409794924813303041e-03 2.131575168884571742e-02 5.904458519131981911e-05
1.500232124319715199e+00 3.410974116714537985e-03 2.138126338350571434e-02 6.071802535391206173e-05
1.507055249644135397e+00 3.412121107835175415e-03 2.133910635726714300e-02 6.001855765510477224e-05
1.513880646904405269e+00 3.413247344640435443e-03 2.142725431406714010e-02 6.097078776617532460e-05
1.520708256616541521e+00 3.414336050050259530e-03 2.122585102959000103e-02 6.066945545309352516e-05
1.527538021789684120e+00 3.415403719724041665e-03 2.129476399268571268e-02 6.270791114600919472e-05
1.534369889356963501e+00 3.416437738116506750e-03 2.114028130971285641e-02 6.185837423299256615e-05
1.541203797565421141e+00 3.417445067804059100e-03 2.115854981570142873e-02 6.919596381403090885e-05
1.548039693110174531e+00 3.418427042659044623e-03 2.120485665830142488e-02 6.409036381463392783e-05
1.554877526621766037e+00 3.419381996392578671e-03 2.111884464988714530e-02 7.011537424089588403e-05
1.561717240100157778e+00 3.420311195666769777e-03 2.125596270026714266e-02 6.613643901622531514e-05
1.568558784415964524e+00 3.421210964202892058e-03 2.131045082062000065e-02 6.504245357984389606e-05
1.575402105579433165e+00 3.422087650757688060e-03 2.117869575809000135e-02 6.981323768402814358e-05
1.582247152905114751e+00 3.422937830342975829e-03 2.115204984148571360e-02 6.801612146971696923e-05
1.589093874765252767e+00 3.423763434577842268e-03 2.100374952204714374e-02 7.106624200075399036e-05
1.595942221867300059e+00 3.424566138187423725e-03 2.107088389983428553e-02 7.007894228524286380e-05
1.602792148053159726e+00 3.425341844562335147e-03 2.110398313412428783e-02 7.099645619258487014e-05
1.609643603285698443e+00 3.426092251698542590e-03 2.110235375640571315e-02 7.213957924918238741e-05
1.616496541127768305e+00 3.426825858434012773e-03 2.107156709873285808e-02 7.237273251928048043e-05
1.623350915287193219e+00 3.427531001247596798e-03 2.112423428541285522e-02 7.200390509014177197e-05
1.630206678274716436e+00 3.428213537365998320e-03 2.114101218489999878e-02 7.198275787052642967e-05
1.637063785764469648e+00 3.428876768256872154e-03 2.099880224622713981e-02 7.464036210549355630e-05
1.643922191725044613e+00 3.429514103674535797e-03 2.109638748769142660e-02 7.511953843843914970e-05
1.650781857544249442e+00 3.430133857391881591e-03 2.095026832464714009e-02 7.462699423054088661e-05
1.657642736589179266e+00 3.430729742518234815e-03 2.102618279957142733e-02 7.576095070648637469e-05
1.664504788259792756e+00 3.431308258542764555e-03 2.103290100549571814e-02 7.703414602846761939e-05
1.671367974850531457e+00 3.431861226626753414e-03 2.085731800628714411e-02 7.826476871829822599e-05
1.678232246729040700e+00 3.432397942172205063e-03 2.098497663581571498e-02 7.981999526447889335e-05
1.685097570354642027e+00 3.432913455849950779e-03 2.090576129503856836e-02 8.118765892684782549e-05
1.691963905652201783e+00 3.433409902461104224e-03 2.097487496377857183e-02 7.964389369202157340e-05
1.698831215477986545e+00 3.433886560785137654e-03 2.100407798702857293e-02 8.165975267313551353e-05
1.705372380207241578e+00 3.434347323876041358e-03 2.077331256136666707e-02 8.855065317327883497e-05
1.712568606509287772e+00 3.434786032763259556e-03 2.085193153314714165e-02 8.997674351991464343e-05
1.719438615583512853e+00 3.435211585270936396e-03 2.106216197305000107e-02 8.529308308429104561e-05
1.726309453431875918e+00 3.435616402420738069e-03 2.101504907334714525e-02 8.613366858993116396e-05
1.733181084481609346e+00 3.436003810241894385e-03 2.091575785256571951e-02 8.800287884198501425e-05
1.740053475448436249e+00 3.436376660775231073e-03 2.101347516211286154e-02 8.851192642795722325e-05
1.746926593308410380e+00 3.436731835821049685e-03 2.114531296550142825e-02 8.915331384728540501e-05
1.753800406640160903e+00 3.437072779154060065e-03 2.125787076328999881e-02 9.074777135469077704e-05
1.760674884171063104e+00 3.437396810386350587e-03 2.142042817166285237e-02 9.255105418599830107e-05
1.767549994835024174e+00 3.437705532278179099e-03 2.124615918686285562e-02 9.120603348702636449e-05
1.774916860979531164e+00 3.929166099257308531e-03 2.114994507899374890e-02 8.922174335208671802e-05
1.782775565131997642e+00 3.929529730609782057e-03 2.122709415124374860e-02 8.780501267244575174e-05
1.790634974261382739e+00 3.929870891645759201e-03 2.150583322117624943e-02 9.128836896728860419e-05
1.798495047110969747e+00 3.930194484886406769e-03 2.127922155346999994e-02 9.217955350271646547e-05
1.806355744983997091e+00 3.930495720851245878e-03 2.131805031240000328e-02 9.313521286857477232e-05
1.814217028265208587e+00 3.930779565967545963e-03 2.137094043162000162e-02 9.637102854059007365e-05
1.822078860740418582e+00 3.931045722264769893e-03 2.150172505616999852e-02 9.687190133189016114e-05
1.829941206406759058e+00 3.931293213673137110e-03 2.149302292447125007e-02 9.665546617458224210e-05
1.837804031282351591e+00 3.931524288041998716e-03 2.145050116817749999e-02 9.764162144761662893e-05
1.845667299760966440e+00 3.931739300187753194e-03 2.155693734868375025e-02 9.936394033520833059e-05
1.853530982201868405e+00 3.931939652079163849e-03 2.171996514584624907e-02 1.003803148301976627e-04
1.861395047551236637e+00 3.932120524613447188e-03 2.162706123793500107e-02 1.011614653336365214e-04
1.869259467335362412e+00 3.932293809543629948e-03 2.151626946560500006e-02 1.028867870480828248e-04
1.877124211263815567e+00 3.932447820257367610e-03 2.157433306505874768e-02 1.077371957436535878e-04
1.884989254879102294e+00 3.932590120132584133e-03 2.169529020941250372e-02 1.056806773774586808e-04
1.892854570864471286e+00 3.932720728339611505e-03 2.122277673334124759e-02 1.069268166458250594e-04
1.900720136269057114e+00 3.932840250239766355e-03 2.118358657030500192e-02 1.083077994425397738e-04
1.908585927926568448e+00 3.932946595260666811e-03 2.147532901125499827e-02 1.081754487192000214e-04
1.916451923378342137e+00 3.933046822791164132e-03 2.134014382958000083e-02 1.102595301063255106e-04
1.924318102511863415e+00 3.933130536231566055e-03 2.123951897157000043e-02 1.118669591062297825e-04
1.932184447805810557e+00 3.933210911602258442e-03 2.117331695935124880e-02 1.122170856721475444e-04
1.940050941047442912e+00 3.933279908903353217e-03 2.147377853503499787e-02 1.168860943143059500e-04
1.947917564060449136e+00 3.933340883133018551e-03 2.134174368823999954e-02 1.184025548194443840e-04
1.955784301503300959e+00 3.933394575732496179e-03 2.139517063476375353e-02 1.178338176495756181e-04
1.963651143621075512e+00 3.933444589459433871e-03 2.158779724847625231e-02 1.172667211749856675e-04
1.971518071815369755e+00 3.933485480503096099e-03 2.135544955509499979e-02 1.206513266054231746e-04
1.979385079978023487e+00 3.933519165953636154e-03 2.117032598816500147e-02 1.217089380664284438e-04
1.987252155433163914e+00 3.933554398796834661e-03 2.137889299909499774e-02 1.236547616813517313e-04
2.024621455504472145e+00 3.933658541094731120e-03 2.129221620380875035e-02 1.281940274714848710e-04
2.032488789719913314e+00 3.933675192016927724e-03 2.127630859330000013e-02 1.302333738645700513e-04
2.040356158042643919e+00 3.933690465087735788e-03 2.125889627816125033e-02 1.341884440918538770e-04
2.048223559357213563e+00 3.933710274779622651e-03 2.081458824190875190e-02 1.331246285638964155e-04
2.056090995042556102e+00 3.933725474340787898e-03 2.123887427030749994e-02 1.258355066234240704e-04
2.063747732231604015e+00 3.933746684554151329e-03 2.096918917947142996e-02 1.467873220456874833e-04
2.072194774809006823e+00 4.425489484911615534e-03 2.115786712537125192e-02 1.408806326111965471e-04
2.081168716908074590e+00 4.425522368960432829e-03 2.101402995569889159e-02 1.365160014762571239e-04
2.090019797325668449e+00 4.425557684537562153e-03 2.096240834066888728e-02 1.404447253394484560e-04
2.098870957565270423e+00 4.425601801929524015e-03 2.121889010629888703e-02 1.405882122015391126e-04
2.107722210563641507e+00 4.425651484904591371e-03 2.064753166975332940e-02 1.390049775817312763e-04
2.116573571541858545e+00 4.425709796274546193e-03 2.072989528769222239e-02 1.411891207771687358e-04
2.125425059109368409e+00 4.425778166047944495e-03 2.101091107730667165e-02 1.419608516643983771e-04
2.133907868933470731e+00 4.425854108266236153e-03 2.072356302173124915e-02 1.509477667413501969e-04
2.143128488973518042e+00 4.425944436131645787e-03 2.077488037683999922e-02 1.435026746879919130e-04
2.151980480271120211e+00 4.426046739144595676e-03 2.071310366394666508e-02 1.430889142984639070e-04
2.160832686532875968e+00 4.426160879945406634e-03 2.105166407870333323e-02 1.490762837977004215e-04
2.169685137542073594e+00 4.426291129736803498e-03 2.084588438969000104e-02 1.509664793741149385e-04
2.178537862187091001e+00 4.426435340236123395e-03 2.047425738473666532e-02 1.494342865985717717e-04
2.187390893932798619e+00 4.426596543995797717e-03 2.049411276166444862e-02 1.512849394918494800e-04
2.196244265625781900e+00 4.426775716564357310e-03 2.069714086109000067e-02 1.551724046848803305e-04
2.205098013236716170e+00 4.426974079680290330e-03 2.104404374414444931e-02 1.580159608339198440e-04
2.213952175323496530e+00 4.427189238075390776e-03 2.036282180977555534e-02 1.561400896753011535e-04
2.222806792141315491e+00 4.427426014137703092e-03 2.079999144590333193e-02 1.769342722817741236e-04
2.231661905616003416e+00 4.427686702769939586e-03 2.048667316227222035e-02 1.617469510949305341e-04
2.240763561339335297e+00 4.427968878015331455e-03 2.074366481831499756e-02 1.628018683374908213e-04
2.249373804476603844e+00 4.428275593856056958e-03 2.071327958351000184e-02 1.656455623158297136e-04
2.258230682992989902e+00 4.428603789277785197e-03 2.072011887548000017e-02 1.960408440514770133e-04
2.267088248689214769e+00 4.428960534457404563e-03 2.105142188341111234e-02 1.618441848544312320e-04
2.275946553676722939e+00 4.429343530076401692e-03 2.093250247315666529e-02 1.714710307376074178e-04
2.284805652675006904e+00 4.429754026039622872e-03 2.074803432621888724e-02 1.741023232101163935e-04
2.295197229334030364e+00 1.132255822870997797e-02 2.094543017166888843e-02 1.776921843552557170e-04
2.316311974177525101e+00 4.431457660839299706e-03 2.095002563117111249e-02 1.885006221043593203e-04
2.325175439465083649e+00 4.432006405317823194e-03 2.094321438926110765e-02 1.877842279045299951e-04
2.334040038520146076e+00 4.432591906758931444e-03 2.109880844185555576e-02 1.893835739499264304e-04
2.342905843600604943e+00 4.433211808436920975e-03 2.139507698570444413e-02 1.922348350548907169e-04
2.351772921623267010e+00 4.433863960599859766e-03 2.094463142005667175e-02 1.970924263261304070e-04
2.360641344892663085e+00 4.434555606339429801e-03 2.139226353473778000e-02 1.964748890856800540e-04
2.370004016987969031e+00 4.928143413920782478e-03 2.109552784416700300e-02 1.911341152658791202e-04
2.379861255727557356e+00 4.929096026864865365e-03 2.149709547749200159e-02 1.941810301403499900e-04
2.389720455644542163e+00 4.930103265476937224e-03 2.119241415967699702e-02 1.944127469211255708e-04
2.399581727777069240e+00 4.931166641156226049e-03 2.125634542603899516e-02 1.976475059511485582e-04
2.409280785346917586e+00 4.932292461308884768e-03 2.137292800355888867e-02 2.102633353929922444e-04
2.419310951543133026e+00 4.933471581622050905e-03 2.112781168420099775e-02 2.064096554173324219e-04
2.428904993317015482e+00 4.934715570819037112e-03 2.110815615400333384e-02 2.175552392177832774e-04
2.439148614289534223e+00 5.429699176615621070e-03 2.127720308131799895e-02 2.077245458536499377e-04
2.449910789399699862e+00 4.937531357267488374e-03 2.125105422887499720e-02 2.155050455654695062e-04
2.459787298335537997e+00 4.938972531821850254e-03 2.151708560795799821e-02 2.136574311291069065e-04
2.469666759259095734e+00 4.940484237402120726e-03 2.145052453173299650e-02 2.133019650930162686e-04
2.478807995481830062e+00 4.942062106513489539e-03 2.142849735878624845e-02 2.494595790024342662e-04
2.489435089191204042e+00 4.943712456573434721e-03 2.105847616002400405e-02 2.239913584333293401e-04
2.513174990797908404e+00 4.947966523300983965e-03 2.155759779084000238e-02 2.293256873921035825e-04
2.523072836617552106e+00 4.949871669816197084e-03 2.122485950514299904e-02 2.350552018173472765e-04
2.558738348476915281e+00 4.957367290489234080e-03 2.169165261606700174e-02 2.470643349346468218e-04
2.568655364938333907e+00 4.959641264500991298e-03 2.162756729877500159e-02 2.468503872939401466e-04
2.578577008543283533e+00 4.961992890940791767e-03 2.157679056040900240e-02 2.522500762438378819e-04
2.588503450488155444e+00 4.964437184180159335e-03 2.119847229925300031e-02 2.500394447688769704e-04
2.598434867638219181e+00 4.966968570586871579e-03 2.081254520801999880e-02 2.636062935555313338e-04
2.608371433862951783e+00 4.969587645726303293e-03 2.145638965351500185e-02 2.598379025054588340e-04
2.618313331069743732e+00 4.972297771361988694e-03 2.150034458002799895e-02 2.709300585284171487e-04
2.628260743054838589e+00 4.975100514277741581e-03 2.116396230722900063e-02 2.655654147254977548e-04
2.638213854382921664e+00 4.977997564894920401e-03 2.168213048066700011e-02 2.760939877175090608e-04
2.648172856334561232e+00 4.980990440005994557e-03 2.194599559325199900e-02 2.778652355267335569e-04
2.658137942743154625e+00 4.984080712015392933e-03 2.149624880164400023e-02 2.701069702002700497e-04
2.668109309211907920e+00 4.987269606667510402e-03 2.208573531818899469e-02 2.659061025205339442e-04
2.678087155862417301e+00 4.990560379050767992e-03 2.188077895849800322e-02 2.831066701991343990e-04
2.688071684645152892e+00 4.993952049943795046e-03 2.188783404923099959e-02 2.896101825941342438e-04
2.698063100026236505e+00 4.997448033055018612e-03 2.190576250964200097e-02 2.962692258155360755e-04
2.708861870552079498e+00 5.501355694816689734e-03 2.181668957683399745e-02 2.837255862437879149e-04
2.719569015240045573e+00 5.505852671908950668e-03 2.135763625413363356e-02 2.928197949414064190e-04
2.730585381728029226e+00 5.510498448082490341e-03 2.160826580000363775e-02 2.945089149060905781e-04
2.741611181945392328e+00 5.515289681716550874e-03 2.172825713324909314e-02 2.896996515061110830e-04
2.752646715761245311e+00 5.520229460332704008e-03 2.158491693266727240e-02 3.082039328369728178e-04
2.763692283394854954e+00 5.525321664573867864e-03 2.119419117009545966e-02 3.166318016010459015e-04
2.774748189673357235e+00 5.530568317171580262e-03 2.205617534676272695e-02 3.175597192268610918e-04
2.785814746020296884e+00 5.535969805720464265e-03 2.134399942809909329e-02 3.242474834472002421e-04
2.796489216133114741e+00 5.541530976832520494e-03 2.169365781046100200e-02 3.464622544905417763e-04
