6.010567190787642344e-01 1.227821279126239951e-03 2.180399776847561158e-02 3.805655369783522723e-04
6.035148620708358225e-01 1.230319621408959563e-03 2.095300642102451358e-02 3.044208241103474170e-04
6.059779996281103864e-01 1.232811616784845743e-03 2.126366760309088624e-02 2.453524017500518508e-04
6.084461250063369908e-01 1.235313574204199849e-03 2.116641662839581495e-02 1.581326905967246458e-04
6.109191925908611376e-01 1.237756493311370498e-03 2.103353802557647242e-02 1.981617821233291302e-04
6.133971727547541386e-01 1.240226803860600135e-03 2.122004964801842489e-02 2.901846489087713606e-04
6.158800474732351038e-01 1.242644764576361638e-03 2.137343180368413836e-02 2.645370004356574424e-04
6.183677709264080447e-01 1.245081675350201422e-03 2.112363387995125005e-02 1.119430258570211500e-04
6.208603307906414015e-01 1.247473002207510895e-03 2.132408822250740632e-02 1.505532441560377202e-04
6.233576818020188925e-01 1.249878968868300966e-03 2.113026681875708468e-02 3.346338102095925923e-04
6.258598076425333501e-01 1.252241299107614836e-03 2.105911015236005060e-02 2.846483881686925313e-04
6.285758554586553526e-01 1.463944283747298236e-03 2.048805213184337962e-02 2.273154556075125340e-04
6.315069376126055678e-01 1.467133315141921912e-03 2.113792152338610578e-02 2.092400439138639146e-04
6.344443731417490628e-01 1.470299508497419083e-03 2.104991427846198554e-02 1.813502874940065642e-04
6.373881239484180394e-01 1.473442468322372356e-03 2.101620736867926276e-02 1.419016814339974137e-04
6.403381412439277387e-01 1.476562398660619113e-03 2.090195172502834833e-02 2.358047153048625094e-04
6.432943752092583622e-01 1.479663665629515901e-03 2.118408266262657158e-02 1.436372035497189439e-04
6.462567824038866204e-01 1.482743582474244093e-03 2.097142625972026400e-02 1.203444160070757504e-04
6.492253162735533989e-01 1.485792630375404322e-03 2.101326551773933723e-02 1.847830278722543864e-04
6.521999268514051540e-01 1.488818692153115464e-03 2.095836372511959700e-02 1.466269567949919108e-04
6.551805678334942096e-01 1.491821651145364136e-03 2.093294491566101423e-02 1.287293054280282535e-04
6.581671927342966910e-01 1.494801398159273376e-03 2.107492516412343142e-02 8.922951586703776257e-05
6.611597548985896911e-01 1.497757831233070824e-03 2.104738185770892861e-02 1.242941030194743527e-04
6.641582075129457419e-01 1.500690855404496205e-03 2.105526268169220436e-02 1.411829019192747839e-04
6.671625036168516987e-01 1.503600382483372133e-03 2.122260596031030205e-02 1.487407116585561027e-04
6.701725961134663567e-01 1.506486330829892584e-03 2.108090041169531637e-02 9.645395809894284037e-05
6.731884377800192443e-01 1.509348625137629796e-03 2.096595232821672067e-02 1.299851867607089721e-04
6.762099812778629149e-01 1.512187196221592700e-03 2.083651502680912079e-02 1.536145955111793194e-04
6.792371791621855115e-01 1.515001980811780946e-03 2.111491029625960428e-02 1.084345354980816538e-04
6.822699841648934838e-01 1.517794263629745899e-03 2.066944453718673816e-02 1.075141075042394118e-04
6.853083510395582278e-01 1.520570664551246232e-03 2.095489810247358822e-02 9.496749766770172714e-05
6.883522342901969848e-01 1.523315181728823742e-03 2.102886163956673923e-02 7.562402229172583115e-05
6.914015821450332222e-01 1.526035923025859109e-03 2.096211936288673930e-02 8.719615677631488144e-05
6.944563500732361394e-01 1.528733147609262488e-03 2.108395518496608903e-02 8.825837293466231247e-05
6.975164934430236885e-01 1.531406258684753219e-03 2.118507722860140524e-02 1.239053494144866298e-04
7.005819615751517349e-01 1.534055571809966878e-03 2.115218057167739252e-02 9.264545827711026191e-05
7.036527115037157776e-01 1.536680733013384703e-03 2.102162906409001455e-02 1.335193476309318465e-04
7.067286930443431592e-01 1.539292524842528209e-03 2.089903548756091509e-02 5.997647729942677151e-05
7.098098591505015431e-01 1.541876735799196929e-03 2.109695798911055339e-02 1.053151855406003436e-04
7.128961598925741550e-01 1.544433160609814948e-03 2.098575017778894769e-02 9.670603106867411460e-05
7.159875542310309982e-01 1.546963284516311710e-03 2.107360567211474800e-02 7.666536295543615839e-05
7.190839957543042615e-01 1.549469390769275812e-03 2.103906609761392946e-02 7.652191343790311026e-05
7.315192591148722556e-01 1.559279214146558346e-03 2.100144853805500228e-02 1.203095007329234984e-04
7.346402185899688630e-01 1.561665842648829461e-03 2.110181476201731729e-02 1.822083724118123268e-04
7.377659411932447897e-01 1.564048500508175010e-03 2.091978678666350788e-02 8.117568065525803506e-05
7.408963714250924593e-01 1.566394601931531128e-03 2.082391256222989456e-02 8.293302845084843476e-05
7.440314752856361791e-01 1.568709440769811003e-03 2.102618326557752562e-02 1.225282610163304603e-04
7.471712052003829374e-01 1.571002106699082024e-03 2.086945818423126611e-02 7.798080445477274304e-05
7.503155053246945982e-01 1.573290868730814474e-03 2.111792684943512161e-02 8.305864208855267270e-05
7.534643280167557799e-01 1.575540191248281374e-03 2.080185635044935755e-02 1.306324927355329772e-04
7.566176392724569544e-01 1.577759369801090550e-03 2.115034852053420192e-02 7.505979748638750193e-05
7.597753851950742598e-01 1.579977741145932590e-03 2.102431357811355983e-02 9.286725435528403124e-05
7.629375083906643207e-01 1.582157253060212376e-03 2.105640056559159035e-02 1.409854680707960095e-04
7.661039773543452114e-01 1.584304849128748138e-03 2.152306360134992672e-02 9.066408104166334117e-05
7.692747440595258945e-01 1.586446483092585069e-03 2.144355587902806864e-02 1.113382082817639031e-04
7.724497436899806502e-01 1.588560477504996626e-03 2.112819596531452168e-02 1.278896467161922984e-04
7.756289526219519725e-01 1.590636120735844372e-03 2.082870584436823450e-02 6.387610133900544786e-05
7.788123133151476640e-01 1.592718460353470533e-03 2.081856232552423136e-02 1.313936233917819554e-04
7.819997685707634760e-01 1.594749556277808011e-03 2.079308575623123323e-02 1.104222708923763144e-04
7.851912962143859920e-01 1.596758299446721097e-03 2.099694807588694048e-02 1.696791682826698624e-04
7.883868234583788492e-01 1.598768324773680582e-03 2.097319080001168456e-02 2.035149324389492033e-04
7.915863176063399065e-01 1.600724635991923606e-03 2.102522804455956087e-02 7.118199872665997537e-05
7.947897347800002565e-01 1.602683321676678929e-03 2.109011342382921539e-02 1.412773924577232030e-04
7.979970083233067779e-01 1.604600710719494838e-03 2.093633773673024209e-02 1.308694956196607465e-04
8.012081211819225279e-01 1.606494488104903695e-03 2.125820776878024551e-02 1.630680229133492419e-04
8.044229959295200461e-01 1.608381951980875080e-03 2.073485628765296684e-02 2.167719380685012836e-04
8.076416083274610136e-01 1.610222320561738307e-03 2.105289073939081712e-02 1.137312603317787571e-04
8.108638999526688318e-01 1.612067142621909088e-03 2.090370949398705908e-02 1.111176348115727475e-04
8.140898236755872430e-01 1.613858006283219737e-03 2.082988961574866460e-02 9.615897286649063792e-05
8.173193432451772988e-01 1.615650484499187023e-03 2.097060632674320121e-02 1.332753318317192752e-04
8.205523926174268512e-01 1.617401520338845877e-03 2.071606871880841277e-02 8.925430481995810274e-05
8.237889496173309567e-01 1.619145211294970021e-03 2.086604274400919584e-02 1.099844640455605862e-04
8.270289388891072235e-01 1.620850253670425012e-03 2.095956390804836270e-02 7.039836613843010709e-05
8.302723436410877067e-01 1.622540952320283836e-03 2.102635299693551146e-02 1.911972500698182523e-04
8.335190854891508794e-01 1.624204117790184476e-03 2.089991971414810468e-02 2.066584492639372491e-04
8.370014632221042250e-01 1.858243485550525875e-03 2.101652981687752997e-02 1.622753517952015315e-04
8.407200572973766439e-01 1.860355138457947533e-03 2.087023686409246112e-02 1.240708722587116532e-04
8.509429384436570931e-01 2.208855921080610241e-03 2.103616082987559699e-02 8.603246516943513543e-05
8.553636622529439126e-01 2.211830001738634977e-03 2.094768373785297136e-02 1.336613596043415095e-04
8.597903330491043494e-01 2.214852265241540330e-03 2.091857444523745335e-02 9.073314619240372325e-05
8.642229471133842100e-01 2.217755721945158243e-03 2.101899568131529797e-02 6.039192326726731773e-05
8.686614532625865914e-01 2.220734446233663117e-03 2.104362579302913178e-02 1.015146780441528922e-04
8.731057656145295720e-01 2.223603547071073550e-03 2.089369820776622311e-02 7.049770951610863910e-05
8.775559069319630590e-01 2.226505342281193123e-03 2.101895166491123818e-02 1.345922365801122188e-04
8.820117368518133327e-01 2.229353670782807662e-03 2.084598976006072496e-02 1.163105876185265399e-04
8.864733120905139430e-01 2.232185704321154596e-03 2.110965140812556470e-02 9.691711484709813400e-05
8.909404794256440274e-01 2.235006798442351617e-03 2.120454962043344729e-02 1.099282107818093466e-04
8.954132940058286971e-01 2.237775872036884550e-03 2.102449600214344877e-02 1.330506620950109057e-04
8.998916122204670964e-01 2.240563650389049144e-03 2.097508563361928646e-02 5.659742923226902502e-05
9.043754800760812618e-01 2.243276228367729885e-03 2.114341166989077217e-02 1.007199837138158995e-04
9.088647652885331052e-01 2.246024947911262615e-03 2.107197916900819742e-02 1.453154411328919614e-04
9.133594998992065062e-01 2.248686957529999475e-03 2.107989515600583452e-02 9.170935951844749572e-05
9.178595644893796646e-01 2.251391670072155904e-03 2.114405976542947305e-02 5.943300881442708502e-05
9.223649854872932874e-01 2.254008536588969491e-03 2.125620793176807855e-02 8.360219234500036365e-05
9.268756433731877298e-01 2.256664557687360073e-03 2.147655952308183402e-02 1.307483274109687277e-04
9.313915712990425977e-01 2.259241361330710518e-03 2.130447031943602867e-02 2.491577172485751147e-05
9.359126386046743296e-01 2.261844483251229665e-03 2.118325892129598043e-02 6.578137301933307255e-05
9.404388944083367230e-01 2.264386094178005848e-03 2.147539161554280415e-02 1.238452984461911046e-04
9.449701925395528335e-01 2.266932099061702566e-03 2.121124851681774337e-02 1.304588577372693572e-04
9.495065944874857555e-01 2.269443124606862483e-03 2.133527124813516113e-02 7.045980912372663504e-05
9.540479476386636293e-01 2.271928373069553864e-03 2.121826073727512904e-02 5.543473008408738835e-05
9.585943139733010820e-01 2.274412980568907283e-03 2.107815879503489517e-02 7.264357699565206531e-05
9.631455525857847144e-01 2.276834272372352252e-03 2.130995109052797459e-02 1.439399093450200384e-04
9.677016981409964913e-01 2.279296116898921198e-03 2.123381804086097932e-02 6.212069348610095023e-05
9.722626571180388311e-01 2.281659722148887681e-03 2.106538719097522661e-02 9.674571732638948668e-05
9.768283970032320962e-01 2.284084064427649441e-03 2.101207112823702539e-02 1.126728188973814723e-04
9.813989073987638978e-01 2.286415862834512147e-03 2.097249231777768494e-02 6.636659889544261866e-05
9.859740742685577652e-01 2.288767169791205980e-03 2.084765657525100915e-02 1.013562797725006817e-04
9.905539509128102882e-01 2.291086785426554862e-03 2.092809424668952423e-02 1.230934866314733805e-04
9.951383939995862571e-01 2.293362931351516920e-03 2.112040522289367062e-02 5.696200088185346996e-05
9.997274430315407079e-01 2.295673041859624952e-03 2.101953736330211195e-02 1.303843248155768238e-04
1.004321014382786315e+00 2.297895223648094287e-03 2.103183885610318896e-02 1.146550261899181465e-04
1.008919049878400198e+00 2.300152321926707266e-03 2.119602146069285778e-02 1.255620448889550357e-04
1.013521578038158788e+00 2.302357350066674968e-03 2.094156222850452123e-02 8.104102897944403313e-05
1.018128462405085255e+00 2.304532968448569363e-03 2.098901322246151877e-02 1.156003172824435546e-04
1.022739744067204137e+00 2.306736403394404888e-03 2.093647485657227497e-02 4.539383296603221284e-05
1.027355343096180373e+00 2.308859575251398510e-03 2.093330892740090723e-02 4.981361219909017442e-05
1.031975193138018110e+00 2.311002917801396883e-03 2.116992285498230097e-02 8.820006847539208004e-05
1.036599331594574513e+00 2.313116757075572849e-03 2.099381301969907923e-02 4.471886333558976640e-05
1.041227632960131322e+00 2.315181647297492873e-03 2.094917067632907914e-02 8.690823851413238333e-05
1.045860096872632816e+00 2.317284879175929291e-03 2.109051636827369292e-02 8.237864942245266635e-05
1.050496708914260058e+00 2.319318267527403776e-03 2.090877481590045633e-02 6.938906813329542877e-05
1.055137357212032390e+00 2.321332551943222633e-03 2.106443775616658257e-02 9.505834789701741127e-05
1.059782073084289067e+00 2.323374594421223627e-03 2.108212049265141899e-02 7.489676488658393008e-05
1.064430793621754079e+00 2.325342997002266543e-03 2.105737322596904978e-02 5.888065589692536011e-05
1.069083437472236664e+00 2.327307999004046835e-03 2.104685111978988471e-02 1.335563325082761551e-04
1.073740040012167496e+00 2.329281275048056266e-03 2.096522414511437643e-02 8.645124700198536917e-05
1.078400517248473633e+00 2.331193028615619056e-03 2.108717105560460603e-02 7.153003463775109688e-05
1.083064805454130752e+00 2.333103106446410280e-03 2.129006080747027768e-02 1.108378427379314642e-04
1.087732937399527477e+00 2.335014836222892853e-03 2.114500510873653163e-02 9.022602285179616584e-05
1.092404825636567045e+00 2.336870523219403140e-03 2.120546405264690792e-02 6.254694376393013153e-05
1.097080411372047370e+00 2.338720914463854328e-03 2.108732806020828521e-02 6.369828234906006552e-05
1.101759721330101360e+00 2.340577367980323231e-03 2.130316799997580141e-02 6.052806154022405519e-05
1.106442679280353003e+00 2.342377711216148128e-03 2.139231785250586548e-02 4.221829062469495175e-05
1.111129220964260700e+00 2.344164620377675590e-03 2.127174043573932041e-02 7.998154003952383392e-05
1.115819362743681653e+00 2.345970886933113064e-03 2.138582040768175277e-02 6.575205342034280546e-05
1.120513053625291189e+00 2.347716885054751401e-03 2.127871468095710386e-02 3.663238443914122424e-05
1.125210218268472451e+00 2.349444978696269004e-03 2.116664494082600573e-02 4.666868454729526726e-05
1.130381168659379654e+00 2.821633227144459966e-03 2.138505806526514591e-02 1.096019923134503732e-04
1.136026886356731547e+00 2.824073017648975892e-03 2.138777496358453337e-02 5.926266344264580785e-05
1.141677438554111079e+00 2.826475804491801469e-03 2.144027398007682106e-02 8.715330488390613678e-05
1.147332809331515380e+00 2.828890337511325015e-03 2.126471380821966586e-02 5.639469105697253313e-05
1.152992938699446634e+00 2.831232263423411055e-03 2.128539771876779979e-02 6.490373185130465447e-05
1.158657718455565755e+00 2.833544770493245935e-03 2.123595749303382879e-02 6.855489186505551655e-05
1.164327134499756999e+00 2.835865290436556663e-03 2.133154487273678304e-02 1.063215474166345786e-04
1.170001121875981154e+00 2.838116258978562456e-03 2.124801247851181366e-02 9.133272026059549543e-05
1.175679579750616321e+00 2.840337265726189386e-03 2.116996652043901320e-02 5.080792831144916472e-05
1.181362485449816146e+00 2.842565672488084338e-03 2.134386709240349012e-02 3.285175087418099629e-05
1.187049788262964922e+00 2.844729971771764454e-03 2.116165831423245242e-02 7.960991269282396293e-05
1.192741385528249376e+00 2.846862679164008370e-03 2.107533465069287570e-02 5.811234306935791753e-05
1.198437238777303238e+00 2.848993017967815788e-03 2.104212059322486256e-02 6.793682465999057157e-05
1.204137322116631381e+00 2.851078466545642343e-03 2.135089111946048349e-02 6.378418103710513170e-05
1.209841530010538291e+00 2.853124894311331872e-03 2.121377249468788320e-02 9.278808874544355000e-05
1.215549806964474122e+00 2.855154473130339099e-03 2.105864809095209234e-02 6.511213454719870931e-05
1.221262139966720506e+00 2.857166891779616691e-03 2.106283760588673754e-02 9.422127908596682514e-05
1.226978439985101366e+00 2.859128676946820491e-03 2.103430921226868977e-02 1.082410941564001746e-04
1.232698636168989115e+00 2.861063091015303428e-03 2.107071619679652327e-02 5.935455734081056213e-05
1.238422692755316135e+00 2.862993763554921856e-03 2.098581229850134816e-02 3.741860261122685551e-05
1.244150575049874474e+00 2.864879276061826907e-03 2.106126327432460490e-02 4.477557696763969828e-05
1.249882189896140972e+00 2.866731232638253246e-03 2.104620682918654020e-02 3.449273420141012571e-05
1.255617482257086914e+00 2.868558373346541401e-03 2.100545990717067601e-02 4.377506575079079167e-05
1.261356427860080176e+00 2.870381558197632188e-03 2.081508667830598777e-02 5.322387701080283546e-05
1.267098967239092211e+00 2.872153206962102523e-03 2.092721364930059252e-02 3.054532486277960086e-05
1.272845022941124782e+00 2.873898272736319370e-03 2.087630154406165672e-02 7.669909506917371668e-05
1.278594543415236151e+00 2.875620280696544739e-03 2.098520364719710929e-02 6.860486157365097411e-05
1.284347504680016128e+00 2.877334372455075950e-03 2.089180206229129810e-02 5.515832387757177793e-05
1.290103844161364810e+00 2.879000970057887798e-03 2.101590484052330565e-02 4.136354990576881254e-05
1.295863491378328236e+00 2.880642142480960288e-03 2.095425927889682169e-02 1.129287200240508126e-04
1.301626395755423049e+00 2.882258573925433609e-03 2.098604300844270770e-02 5.851710630657156663e-05
1.307392526548512679e+00 2.883868698904112904e-03 2.094150433264894973e-02 3.894062322963799856e-05
1.313161835391781551e+00 2.885435028887495257e-03 2.092758703900839123e-02 5.294761281010214868e-05
1.318934249760137734e+00 2.886975355226084616e-03 2.125812251721812332e-02 4.594833440381784306e-05
1.324709720253660850e+00 2.888491183313801614e-03 2.122899339073708314e-02 5.399194747558005417e-05
1.330488204002626906e+00 2.889993001575552611e-03 2.146696493786573803e-02 3.575648603904658306e-05
1.336269673393360335e+00 2.891467991112284253e-03 2.132282152499679131e-02 9.618225758919827096e-05
1.342054055806586987e+00 2.892910559976424878e-03 2.148464144495070352e-02 5.161774614411520002e-05
1.347841299584700225e+00 2.894329385785932018e-03 2.150479909471134446e-02 6.335917403942488120e-05
1.353631357426525517e+00 2.895724657640652566e-03 2.164878353174055914e-02 8.255127916986412220e-05
1.359424194731404745e+00 2.897110412735992568e-03 2.159832006748638525e-02 1.106915449144920023e-04
1.365219771065147469e+00 2.898460513813816419e-03 2.150247383620965472e-02 6.165005924873549639e-05
1.371018020756943345e+00 2.899785469807736327e-03 2.152887574991174321e-02 9.486463547241370917e-05
1.376818897539269670e+00 2.901087634706422946e-03 2.153893271919437094e-02 7.367908552394007271e-05
1.382622356018186727e+00 2.902367199968169942e-03 2.158452576970653486e-02 5.083801121754527455e-05
1.388428361802297006e+00 2.903636250634056282e-03 2.170175911753686321e-02 5.063042899345165769e-05
1.394236875336756887e+00 2.904872303604699724e-03 2.137550651033270910e-02 9.384080663811930547e-05
1.400047835725303225e+00 2.906084532969588352e-03 2.167259458425434271e-02 7.904293778382796159e-05
1.405861198716109151e+00 2.907274936699177914e-03 2.157141759934677258e-02 6.239851376490944846e-05
1.411676920848409011e+00 2.908443705398111589e-03 2.151527491437720679e-02 7.417871821037065898e-05
1.417494962464769914e+00 2.909597181464107507e-03 2.154830871564609313e-02 9.793712233237248407e-05
1.423315294194637204e+00 2.910728296160902673e-03 2.168301595429681511e-02 5.641830473056031896e-05
1.429137858619643486e+00 2.911832734875829942e-03 2.166526862976978982e-02 9.771221430542732886e-05
1.434962611041524339e+00 2.912916324256498157e-03 2.159052044718845834e-02 1.197405135016647214e-04
1.440789509954462089e+00 2.913979257236354314e-03 2.165794429478215544e-02 7.829333212656552530e-05
1.446618514239411013e+00 2.915021729665623340e-03 2.167549142588801048e-02 7.497975138205023582e-05
1.452449589488901793e+00 2.916051619362036718e-03 2.149903171768573901e-02 8.020335517512936982e-05
1.458282701013713156e+00 2.917055217892983165e-03 2.132081979666916594e-02 6.951201002238466362e-05
1.464604171842079250e+00 3.404470537012427300e-03 2.141610386295680554e-02 1.010904854886617059e-04
1.471414423063367005e+00 3.405775618494422119e-03 2.160061297703668934e-02 6.356951134735572154e-05
1.478227253541637864e+00 3.407049853139332285e-03 2.144088644369845920e-02 8.232484559083194002e-05
1.485042602708657844e+00 3.408296092272444788e-03 2.140223169117290436e-02 1.382042143698636912e-04
1.491860421664710667e+00 3.409516155641112434e-03 2.131968472660397684e-02 9.859595065586250267e-05
1.498680642106471339e+00 3.410699461137367550e-03 2.133338996291004111e-02 8.147276815702959776e-05
1.505503199728965402e+00 3.411853395915542819e-03 2.127610451556764121e-02 8.061423686664101788e-05
1.512328036155677902e+00 3.412978325008531044e-03 2.132607753388528204e-02 8.743882267215367856e-05
1.519155093740833573e+00 3.414074614117801332e-03 2.114530567781899850e-02 7.007299679570228360e-05
1.525984318251405680e+00 3.415146998469564821e-03 2.130580824022142508e-02 7.984967733972380636e-05
1.532815661265531704e+00 3.416189723340012918e-03 2.099660270559337155e-02 8.555850631008010752e-05
1.539649057276690547e+00 3.417201824550186728e-03 2.115639253146041690e-02 1.096317150476513736e-04
1.546484450276566891e+00 3.418186772107145721e-03 2.101160754469325737e-02 6.783362102941547351e-05
1.553321786325833287e+00 3.419144934074136444e-03 2.110398019289313337e-02 9.477396989610464178e-05
1.560161012221797705e+00 3.420076679018890786e-03 2.120457415809134938e-02 9.127290220627303136e-05
1.567002076922051401e+00 3.420985198894888057e-03 2.117644589707241842e-02 9.155321885799130941e-05
1.573844935639195475e+00 3.421867891359675617e-03 2.113182976304292179e-02 6.242782426504249558e-05
1.580689529844069741e+00 3.422722214162954302e-03 2.088031540824129492e-02 6.840743502354714400e-05
1.587535807710622304e+00 3.423551613463304832e-03 2.100956334285707799e-02 1.575601468213256890e-04
1.594383719762082707e+00 3.424356459559074750e-03 2.097693821407630582e-02 1.299609486868657550e-04
1.601233217262657771e+00 3.425137123126198446e-03 2.080638691014112182e-02 1.179743187092421766e-04
1.608084252218870747e+00 3.425893979339900142e-03 2.107888194413125305e-02 8.044288121797318512e-05
1.614936781204080685e+00 3.426631425710091605e-03 2.095649571371163006e-02 1.330041649327251812e-04
1.621790758404282551e+00 3.427341767169744813e-03 2.112655076295083881e-02 1.221108291951660972e-04
1.628646132950177128e+00 3.428029105566832158e-03 2.101891893570698860e-02 9.012514036780022340e-05
1.635502859800047615e+00 3.428694131893839092e-03 2.101625156511213038e-02 7.136956060919998610e-05
1.642360894701929919e+00 3.429337218371242280e-03 2.091425836844086963e-02 7.024030017835625726e-05
1.649220194148568464e+00 3.429958737485527820e-03 2.086377159033462117e-02 6.586455417159526877e-05
1.656080715377960644e+00 3.430559062139959536e-03 2.086386300219804715e-02 1.098409346419538434e-04
1.662942419127456883e+00 3.431141506088364324e-03 2.102814231674614287e-02 9.972970031447811370e-05
1.669805264749314233e+00 3.431700578741647689e-03 2.097623506221735559e-02 9.942155306316349936e-05
1.676669207884823987e+00 3.432239311362383916e-03 2.079731797604829693e-02 7.834821172675058231e-05
1.683534208733203252e+00 3.432758352581721795e-03 2.107015991312865058e-02 1.295579164833682068e-04
1.690400228285161566e+00 3.433258075943745879e-03 2.099131525106440188e-02 1.502777975783707370e-04
1.697267228278686035e+00 3.433738855179946370e-03 2.107611657152229367e-02 6.917061251954311916e-05
1.704135171199402832e+00 3.434201064196340525e-03 2.069975703733537703e-02 1.109705225131359926e-04
1.711004020814198112e+00 3.434646162874477326e-03 2.060230079725023158e-02 1.080847900216753749e-04
1.717873743872940340e+00 3.435073431233393038e-03 2.109212122123446664e-02 1.215558540509116135e-04
1.724744302097835469e+00 3.435481977045462543e-03 2.099000097185632976e-02 9.070822059711009064e-05
1.731615660288637892e+00 3.435873458264460112e-03 2.109251689241698965e-02 1.106889080664165431e-04
1.738487784690588400e+00 3.436248249337969796e-03 2.105213298215593068e-02 1.336699681512471297e-04
1.745360642297949960e+00 3.436606724841251292e-03 2.082635036852913124e-02 4.819435499212184563e-05
1.752234200854260626e+00 3.436949259471022700e-03 2.110331391979399993e-02 9.720465662538759388e-05
1.759108428852563577e+00 3.437276228035912595e-03 2.138005040581942781e-02 1.009918559177755480e-04
1.765983296170393180e+00 3.437588980993666610e-03 2.131554876827894754e-02 1.507716700365384702e-04
1.773349909740143948e+00 3.929036385633244421e-03 2.121279428351791757e-02 1.244014572095369442e-04
1.781208352155629893e+00 3.929402554101901757e-03 2.105986103075547719e-02 1.007925820610132184e-04
1.789067505937491198e+00 3.929747856997511946e-03 2.120892493044932228e-02 9.573060731663023343e-05
1.796927329994568279e+00 3.930072934333006529e-03 2.128503045373752664e-02 1.442092914883993503e-04
1.804787784515883509e+00 3.930378426274749870e-03 2.108971283971409691e-02 1.074037994466649969e-04
1.812648830970933878e+00 3.930664973129216477e-03 2.137258875099230446e-02 1.570490181499497304e-04
1.820510432315898930e+00 3.930933681908777011e-03 2.139703447751032175e-02 6.999749110123187955e-05
1.828372553912257725e+00 3.931184783662278193e-03 2.129406982534132534e-02 1.525550395381225510e-04
1.836235159627324087e+00 3.931418192608449047e-03 2.133599412897634745e-02 1.587492901420501908e-04
1.844098215681888586e+00 3.931635228269447779e-03 2.143257693708606679e-02 1.839002737617615759e-04
1.851961689970077041e+00 3.931836531356980302e-03 2.162513093835686726e-02 1.422246159307820031e-04
1.859825551667531052e+00 3.932022742673124682e-03 2.161344982726426736e-02 1.366598929514799233e-04
1.867689771231577645e+00 3.932194503100783223e-03 2.139425405910626993e-02 1.192745107413693329e-04
1.875554320411874532e+00 3.932352514654846587e-03 2.159164250661895282e-02 1.044269168894327383e-04
1.883419172899736260e+00 3.932497797160205977e-03 2.173682209164339713e-02 1.233642029053295486e-04
1.891284302646342397e+00 3.932629948057098090e-03 2.158968673749227588e-02 1.861002032719201807e-04
1.899149684711396002e+00 3.932750220844383193e-03 2.118185551076139442e-02 8.675648324096919329e-05
1.907015295979900493e+00 3.932859256692733396e-03 2.133636783644694487e-02 2.574663436794936413e-04
1.914881114619119362e+00 3.932957696751060439e-03 2.125676028473378817e-02 1.903647347448124590e-04
1.922747120078656557e+00 3.933046182209132269e-03 2.121071734987746774e-02 1.662743788423899681e-04
1.930613293090531535e+00 3.933125354292243969e-03 2.123849047139451246e-02 1.683200941100177535e-04
1.938479615786949495e+00 3.933196027048335708e-03 2.137705745033326860e-02 1.978520310595203145e-04
1.946346071680139511e+00 3.933258536284234275e-03 2.122004592845358126e-02 8.735195529361951586e-05
1.954212644934987253e+00 3.933313560185558444e-03 2.152176623704535330e-02 1.068914432758858769e-04
1.962079321392483866e+00 3.933361844146388009e-03 2.154614095682751487e-02 1.468903851602067049e-04
1.969946088214054036e+00 3.933404029475839891e-03 2.141812922599984834e-02 1.840950946900885119e-04
1.977812933843760668e+00 3.933440757500905605e-03 2.125838646460021311e-02 1.605147942641192932e-04
1.985679848008329529e+00 3.933472669558790713e-03 2.134011912444873371e-02 1.186846972640306160e-04
2.032882359182084819e+00 3.933598985099262535e-03 2.130624448631134038e-02 1.867757610198254176e-04
2.040749573324287525e+00 3.933615157501568760e-03 2.138312979250410473e-02 1.088066299265224175e-04
2.048616820029185881e+00 3.933631653020963626e-03 2.107275433697243516e-02 2.243401210077056022e-04
2.056484100615274091e+00 3.933649162816355016e-03 2.128056540565829644e-02 1.893466790280409480e-04
2.064351417751888462e+00 3.933668274592516667e-03 2.094673439117074321e-02 1.931844035498344713e-04
2.072710487014644443e+00 4.425402453283933113e-03 2.106684693868365876e-02 1.545609561144454668e-04
2.081561322355384824e+00 4.425433660341759889e-03 2.095870254034938249e-02 1.628534442582321381e-04
2.090412225150098280e+00 4.425470076375503936e-03 2.084906898115574878e-02 8.434953058908304746e-05
2.099263206844131702e+00 4.425512728781999527e-03 2.108727467748664972e-02 8.950691027711836446e-05
2.108114280937644747e+00 4.425562644978509041e-03 2.073388241590287673e-02 1.201316897788961028e-04
2.116965463117322699e+00 4.425621037142501990e-03 2.101984993971222834e-02 1.745364395065241488e-04
2.125816771273085770e+00 4.425688697535790084e-03 2.101010003058010819e-02 2.654530191755575933e-04
2.134668224838494055e+00 4.425766657388585656e-03 2.076954297908902361e-02 1.284513866833470114e-04
2.143519845539532565e+00 4.425856002303607539e-03 2.091987405382712828e-02 1.530473789303772700e-04
2.152371657173850039e+00 4.425957759811360859e-03 2.090324231314430112e-02 1.665474247139858666e-04
2.161223685594200195e+00 4.426072957490312376e-03 2.084153165246223349e-02 1.842891525924039600e-04
2.170075958709801967e+00 4.426202634108200584e-03 2.078635263691220800e-02 2.005835643346112957e-04
2.178928507043781160e+00 4.426348362332799269e-03 2.070460195369636103e-02 1.570473511849404243e-04
2.187781362810678143e+00 4.426510194034172230e-03 2.084454818190895758e-02 2.037894879762759063e-04
2.196634559598044767e+00 4.426689568781672079e-03 2.069653487090842778e-02 1.819442452732449294e-04
2.205488133555499886e+00 4.426887533322654278e-03 2.104335646481616390e-02 1.708311172064549141e-04
2.214342122890551767e+00 4.427105115595963980e-03 2.087208417552652295e-02 1.187901622152679848e-04
2.223196567866699169e+00 4.427343343653245000e-03 2.069754400712248490e-02 2.206851947464313890e-04
2.232051510830234786e+00 4.427603393883705607e-03 2.063882189531290184e-02 1.394294372505852089e-04
2.240906997467726036e+00 4.427886971653860471e-03 2.091422184742357943e-02 2.167990057235280111e-04
2.249763073928468859e+00 4.428193481559095090e-03 2.079115277860385524e-02 8.174671654298802962e-05
2.258619788008464191e+00 4.428524760267560367e-03 2.066445398722104379e-02 1.651004538657313493e-04
2.267477190273988530e+00 4.428881836413545159e-03 2.114914287845524876e-02 2.766258441026334548e-04
2.276335333348626921e+00 4.429265738736365421e-03 2.110691981096456116e-02 1.512241669211398208e-04
2.285194271913632225e+00 4.429677496168071826e-03 2.101390468229975481e-02 2.133030699105961658e-04
2.294054062739619315e+00 4.430118324250997830e-03 2.101524936319443607e-02 2.120497753446368985e-04
2.311776444061044877e+00 4.431092160183780493e-03 2.075270526426018641e-02 3.068332571392399220e-04
2.320639156720731400e+00 4.431625848496434372e-03 2.111990149749626983e-02 1.691922866356266946e-04
2.329502969597561979e+00 4.432192546849123005e-03 2.067648325201930024e-02 2.713140885147640249e-04
2.338367949741546603e+00 4.432793285215730350e-03 2.123593311123845098e-02 2.000501100621596465e-04
2.347234166262916588e+00 4.433429093846807945e-03 2.056829572785051283e-02 1.778682203487263515e-04
2.356101690332693899e+00 4.434101003283341669e-03 2.127963695209785996e-02 1.570573838623156562e-04
2.364970596462150354e+00 4.434811814074013370e-03 2.112927316816145054e-02 1.330103166708631452e-04
2.374333819636315290e+00 4.928447697907678560e-03 2.110729580756769488e-02 1.936029490789124049e-04
2.384191682642422094e+00 4.929424322815290083e-03 2.152974495949339095e-02 1.547237771227800019e-04
2.394051554058988618e+00 4.930456367758573322e-03 2.073408165069239376e-02 2.602495479390689497e-04
2.403913546298338755e+00 4.931545405083337386e-03 2.082428904983302936e-02 2.066475389700913646e-04
2.413777774918058672e+00 4.932693007705601929e-03 2.094079594881186057e-02 1.573080536681711905e-04
2.423644358622141226e+00 4.933900749122921425e-03 2.097688658201243145e-02 2.300130834425222280e-04
2.433513419826604185e+00 4.935171586641917685e-03 2.099039789477836690e-02 1.485468470821819562e-04
2.443385088225045187e+00 4.936506608308466326e-03 2.071157417368482689e-02 2.831394468345852975e-04
2.453259488473033656e+00 4.937904471514986682e-03 2.130075794637214734e-02 1.999144961025644217e-04
2.463136750622459736e+00 4.939368769596885755e-03 2.145094144439880363e-02 1.502443208907001677e-04
2.473017009118108955e+00 4.940901077677528619e-03 2.149039182802702300e-02 1.422737044480626792e-04
2.482900401555550474e+00 4.942502971418072377e-03 2.098253342630608531e-02 2.754720693196703596e-04
2.492787068682209117e+00 4.944176027007252117e-03 2.083841566594027070e-02 2.856418830563417521e-04
2.512570805758274517e+00 4.947741930979132619e-03 2.130913366007467294e-02 2.656168138763403855e-04
2.522468175638499233e+00 4.949641198589649349e-03 2.158418605465114645e-02 2.385378681143447970e-04
2.532369420046044262e+00 4.951615549250609760e-03 2.156201371369661363e-02 1.726517605039708714e-04
2.562097951627597237e+00 4.958016939415443858e-03 2.139738244397020386e-02 2.701324936880325337e-04
2.572016270776551483e+00 4.960316160636635274e-03 2.163960014197471859e-02 2.881765704798618772e-04
2.581939273448360161e+00 4.962700722476842685e-03 2.082900860722973133e-02 3.019662610920492685e-04
2.591867131901234522e+00 4.965172201886636216e-03 2.115854658594680179e-02 2.068864399965118924e-04
2.601800021547111985e+00 4.967732175622741053e-03 2.135850372531974961e-02 1.583101043477790548e-04
2.611738120951154318e+00 4.970382220133462425e-03 2.090064741880173771e-02 3.723511150565329722e-04
2.621681611831003789e+00 4.973123911427013155e-03 2.123912179114802526e-02 4.496965300196579629e-04
2.631630679055752431e+00 4.975958824921189461e-03 2.132347938499994447e-02 2.942496313122488507e-04
2.641585510644619550e+00 4.978888535296377427e-03 2.132835172606733359e-02 3.049156346898405099e-04
2.651546297765291271e+00 4.981914616311922117e-03 2.172934096313655639e-02 2.242106500259894114e-04
2.661513234740125800e+00 4.985038722833623481e-03 2.180880955506840288e-02 2.671753568723005665e-04
2.671486520780543383e+00 4.988263741478426994e-03 2.209107703502483783e-02 1.859651463878988044e-04
2.681466355733377771e+00 4.991588007287273143e-03 2.161948953130845771e-02 2.228993177760771891e-04
2.691452941550830591e+00 4.995014868064640012e-03 2.174983072606886600e-02 2.549041870342461883e-04
2.701946411361433764e+00 5.498598743348015461e-03 2.228536328467311742e-02 3.697531686528350873e-04
2.712947998775188108e+00 5.503012135203988464e-03 2.180706599066955728e-02 3.330559472694441612e-04
2.723958555697556516e+00 5.507568628529968535e-03 2.111870748113166968e-02 3.790283595433636727e-04
2.734978370608025511e+00 5.512270499018701031e-03 2.172798595348331835e-02 2.607200785425607854e-04
2.746007738006797538e+00 5.517122131189822198e-03 2.139058547245010003e-02 2.622883072246641185e-04
2.757046958895612576e+00 5.522123259550593133e-03 2.196093966665514305e-02 2.076441139896132869e-04
2.768096332774728996e+00 5.527275975128365104e-03 2.163257471286703440e-02 2.198296089226012783e-04
2.779156166240110526e+00 5.532583217869202485e-03 2.207799808762497817e-02 2.399845202367929873e-04
2.790226770594167682e+00 5.538047234428411514e-03 2.168743185544173141e-02 4.059837916117918022e-04
2.801308461623693624e+00 5.543670262390332226e-03 2.178410128705632678e-02 4.608726284221775511e-04
2.812401559580834043e+00 5.549454529373498701e-03 2.142426646550072908e-02 3.289859411337065658e-04
2.823506389162232733e+00 5.555402252094943094e-03 2.198457079003785647e-02 3.957870358341955661e-04
